0.5  79.0263632  0.574655578266
0.55  59.8531148364  0.252807001766
0.6  44.3828668  0.35868623873
0.65  32.5780809846  0.226174312333
0.7  24.7660302857  0.174757345664
0.75  19.03075088  0.103167826758
0.8  15.25416225  0.120120679052
0.85  12.5066953882  0.0716560439044
0.9  10.3199408  0.0461515444556
0.95  8.54241364211  0.0385803384855
1  7.36903152  0.0294590497595
1.05  6.39007798095  0.0314890561357
1.1  5.59636890909  0.0180664129674
1.15  4.94056313043  0.0155613432033
1.2  4.41043363333  0.0120537303954
1.25  3.98142672  0.00900181473243
1.3  3.56612547692  0.00790175577821
1.35  3.26549146667  0.00746321048596
1.4  2.98575611429  0.00746099088813
1.45  2.73277329655  0.00659081252703
1.5  2.52735957333  0.00570679720941
1.55  2.34580433548  0.00554285520871
1.6  2.181929975  0.00580415930428
1.65  2.02947374545  0.00562998551171
1.7  1.90820131765  0.00372637125663
1.75  1.79666336  0.00418316464553
1.8  1.68785975556  0.00295577962232
1.85  1.5918248  0.00305823259876
1.9  1.50398690526  0.00302371125106
1.95  1.43539442051  0.00418293529359
2  1.36378584  0.00175333251961
2.05  1.29358958049  0.00271835917659
