
  0.5  0.330284152064  0.00435963757278
  0.55  0.396310657825  0.00178721942878
  0.6  0.422892958956  0.00157643415093
  0.65  0.427236007619  0.00208421317311
  0.7  0.435236384771  0.00133498190958
  0.75  0.436616166647  0.00175598825459
  0.8  0.440012060222  0.00144886351391
  0.85  0.441206948992  0.00125206929144
  0.9  0.437860326436  0.000828826850306
  0.95  0.428060016376  0.000724911080991
  1  0.419407868664  0.000992049817759
  1.05  0.409052896662  0.000706359500735
  1.1  0.396989823168  0.000632798327215
  1.15  0.384171431071  0.000480414191669
  1.2  0.371209282121  0.000374576457561
  1.25  0.357743415124  0.00043405919543
  1.3  0.343787350105  0.000505503432398
  1.35  0.330411388615  0.000396444022355
  1.4  0.318986014736  0.000285937175208
  1.45  0.305962547539  0.000401315043297
  1.5  0.291961423324  0.000385151387854
  1.55  0.282393489556  0.000303446835557
  1.6  0.270236768291  0.000333856256323
  1.65  0.259575555682  0.000358434967994
  1.7  0.249672990365  0.000334094687331
  1.75  0.239639600147  0.000213546297053
  1.8  0.229709187824  0.000183676501645
  1.85  0.220800398405  0.000195050553277
  1.9  0.212714035587  0.000188956367356
  1.95  0.204229947507  0.000212199951
  2  0.196669327367  0.00019896907196
  2.05  0.189080181141  0.000226891351473
