0.5  -0.97401632  0.00059385239485
 0.55  -0.95588676  0.000292863181546
 0.6  -0.9352038  0.000464712872656
 0.65  -0.91355704  0.000345832477845
 0.7  -0.89217224  0.000291616411609
 0.75  -0.87011756  0.000207738400669
 0.8  -0.84835036  0.000218576876872
 0.85  -0.82642216  0.00024102365094
 0.9  -0.80442704  0.000245767022034
 0.95  -0.78277228  0.000221175045802
 1  -0.76162524  0.000192823969266
 1.05  -0.74048232  0.000162079614031
 1.1  -0.72060452  0.000170768102642
 1.15  -0.70101868  0.000169814489631
 1.2  -0.68217988  0.000156204689064
 1.25  -0.66423624  0.00013441503607
 1.3  -0.64664104  9.27777404513e-05
 1.35  -0.62981984  0.000172340849267
 1.4  -0.61328168  0.000102273826949
 1.45  -0.59769348  0.000181278996264
 1.5  -0.582763  0.000106813255777
 1.55  -0.5684104  0.000178269270477
 1.6  -0.55471736  0.000149127146842
 1.65  -0.54140228  0.000155788947226
 1.7  -0.52868084  0.00011699867317
 1.75  -0.5166036  8.33540785216e-05
 1.8  -0.50458376  0.000137436031405
 1.85  -0.49317236  0.000140438814865
 1.9  -0.48251788  0.000112006903695
 1.95  -0.47219116  0.000117326450189
 2  -0.4621482  0.000115379247695
 2.05  -0.45254284  0.000118983151396
