0.5  0.87131756  0.00914394205777
0.55  0.80794586  0.00570779777317
0.6  0.68452862  0.00617824645999
0.65  0.55344712  0.00558292145634
0.7  0.44724228  0.00486553468627
0.75  0.3555972  0.00477498079452
0.8  0.2922183  0.00441615765868
0.85  0.24020776  0.00268314042098
0.9  0.19665444  0.00266532701302
0.95  0.17114902  0.00178391697396
1  0.14670012  0.00136897056567
1.05  0.12785868  0.00183648451801
1.1  0.11283836  0.00166261271471
1.15  0.09630212  0.00124476814712
1.2  0.08737096  0.00104157077816
1.25  0.07856468  0.000874231164899
1.3  0.07180536  0.000937217237742
1.35  0.06439978  0.000698809146749
1.4  0.05894392  0.000821967308158
1.45  0.05504696  0.000860664472788
1.5  0.04948354  0.000690860630967
1.55  0.04716788  0.000648710081993
1.6  0.0450994  0.000616817422906
1.65  0.0412812  0.000549363244493
1.7  0.03688514  0.000509470272558
1.75  0.03632602  0.000435733794397
1.8  0.03420988  0.000647558380441
1.85  0.03156708  0.000465767633998
1.9  0.03078104  0.000527950343423
1.95  0.02878002  0.000597653929611
2  0.02687356  0.000487957148037
2.05  0.02563814  0.000391914544027
