 1 0.20184878 0.20184878 0
 2 0.2014957792 0.2016722796 0.000124804629738
 3 0.1992523008 0.20086562 0.000663869385083
 4 0.2002246008 0.2007053652 0.000516882618149
 5 0.2007048248 0.20070525712 0.000413506105819
 6 0.1930269112 0.1994255328 0.00121798458922
 7 0.1912825912 0.198262255429 0.00149993544586
 8 0.1963577272 0.1980241894 0.00133120208275
 9 0.1945429752 0.197637387822 0.00123821181403
 10 0.1931261408 0.19718626312 0.00119374563008
 11 0.1989944832 0.197350646764 0.00109648303657
 12 0.1990915 0.197495717867 0.00101466094323
 13 0.2002368312 0.197706572738 0.000958268373806
 14 0.1899350648 0.197151465029 0.00103822685468
 15 0.2005388928 0.197377293547 0.000993268520168
 16 0.2009265408 0.1975991215 0.000955638822806
 17 0.19842798 0.197647877882 0.000900667683018
 18 0.1990860672 0.197727777289 0.000854167227792
 19 0.2004068992 0.197868783705 0.000820767252054
 20 0.1972519992 0.19783794448 0.000780308045562
 1 0.1941479352 0.1941479352 0
 2 0.1941586872 0.1941533112 3.8014059471e-06
 3 0.1980922112 0.195466277867 0.00107203578969
 4 0.1941247712 0.1951309012 0.000854878526164
 5 0.1963757568 0.19537987232 0.000719244300188
 6 0.1966400888 0.1955899084 0.000629291129652
 7 0.1945344888 0.195439134171 0.000557161981119
 8 0.1928912312 0.1951206463 0.000571338580999
 9 0.1952140672 0.1951310264 0.000507950800706
 10 0.20313118 0.19593104176 0.000886009859721
 11 0.1953777912 0.195880746255 0.000806889791023
 12 0.2005491128 0.1962697768 0.000828138459375
 13 0.1964775552 0.196285759754 0.000764589719766
 14 0.19858368 0.196449896914 0.000727380787067
 15 0.2038294328 0.196941865973 0.000828726673086
 16 0.1977523712 0.19699252255 0.000778477928261
 17 0.2001584888 0.197178755859 0.000754632458103
 18 0.19692832 0.197164842756 0.000712836678547
 19 0.1951725312 0.197059984253 0.000682987775305
 20 0.1910616632 0.1967600682 0.000711648374228
 1 0.20184878 0.20184878 0
 2 0.2014957792 0.2016722796 0.000124804629738
 3 0.1992523008 0.20086562 0.000663869385083
 4 0.2002246008 0.2007053652 0.000516882618149
 5 0.2007048248 0.20070525712 0.000413506105819
 6 0.1930269112 0.1994255328 0.00121798458922
 7 0.1912825912 0.198262255429 0.00149993544586
 8 0.1963577272 0.1980241894 0.00133120208275
 9 0.1945429752 0.197637387822 0.00123821181403
 10 0.1931261408 0.19718626312 0.00119374563008
 11 0.1989944832 0.197350646764 0.00109648303657
 12 0.1990915 0.197495717867 0.00101466094323
 13 0.2002368312 0.197706572738 0.000958268373806
 14 0.1899350648 0.197151465029 0.00103822685468
 15 0.2005388928 0.197377293547 0.000993268520168
 16 0.2009265408 0.1975991215 0.000955638822806
 17 0.19842798 0.197647877882 0.000900667683018
 18 0.1990860672 0.197727777289 0.000854167227792
 19 0.2004068992 0.197868783705 0.000820767252054
 20 0.1972519992 0.19783794448 0.000780308045562
 1 0.1941479352 0.1941479352 0
 2 0.1941586872 0.1941533112 3.8014059471e-06
 3 0.1980922112 0.195466277867 0.00107203578969
 4 0.1941247712 0.1951309012 0.000854878526164
 5 0.1963757568 0.19537987232 0.000719244300188
 6 0.1966400888 0.1955899084 0.000629291129652
 7 0.1945344888 0.195439134171 0.000557161981119
 8 0.1928912312 0.1951206463 0.000571338580999
 9 0.1952140672 0.1951310264 0.000507950800706
 10 0.20313118 0.19593104176 0.000886009859721
 11 0.1953777912 0.195880746255 0.000806889791023
 12 0.2005491128 0.1962697768 0.000828138459375
 13 0.1964775552 0.196285759754 0.000764589719766
 14 0.19858368 0.196449896914 0.000727380787067
 15 0.2038294328 0.196941865973 0.000828726673086
 16 0.1977523712 0.19699252255 0.000778477928261
 17 0.2001584888 0.197178755859 0.000754632458103
 18 0.19692832 0.197164842756 0.000712836678547
 19 0.1951725312 0.197059984253 0.000682987775305
 20 0.1910616632 0.1967600682 0.000711648374228
 1 0.20184878 0.20184878 0
 2 0.2014957792 0.2016722796 0.000124804629738
 3 0.1992523008 0.20086562 0.000663869385083
 4 0.2002246008 0.2007053652 0.000516882618149
 5 0.2007048248 0.20070525712 0.000413506105819
 6 0.1930269112 0.1994255328 0.00121798458922
 7 0.1912825912 0.198262255429 0.00149993544586
 8 0.1963577272 0.1980241894 0.00133120208275
 9 0.1945429752 0.197637387822 0.00123821181403
 10 0.1931261408 0.19718626312 0.00119374563008
 11 0.1989944832 0.197350646764 0.00109648303657
 12 0.1990915 0.197495717867 0.00101466094323
 13 0.2002368312 0.197706572738 0.000958268373806
 14 0.1899350648 0.197151465029 0.00103822685468
 15 0.2005388928 0.197377293547 0.000993268520168
 16 0.2009265408 0.1975991215 0.000955638822806
 17 0.19842798 0.197647877882 0.000900667683018
 18 0.1990860672 0.197727777289 0.000854167227792
 19 0.2004068992 0.197868783705 0.000820767252054
 20 0.1972519992 0.19783794448 0.000780308045562
 1 0.1941479352 0.1941479352 0
 2 0.1941586872 0.1941533112 3.8014059471e-06
 3 0.1980922112 0.195466277867 0.00107203578969
 4 0.1941247712 0.1951309012 0.000854878526164
 5 0.1963757568 0.19537987232 0.000719244300188
 6 0.1966400888 0.1955899084 0.000629291129652
 7 0.1945344888 0.195439134171 0.000557161981119
 8 0.1928912312 0.1951206463 0.000571338580999
 9 0.1952140672 0.1951310264 0.000507950800706
 10 0.20313118 0.19593104176 0.000886009859721
 11 0.1953777912 0.195880746255 0.000806889791023
 12 0.2005491128 0.1962697768 0.000828138459375
 13 0.1964775552 0.196285759754 0.000764589719766
 14 0.19858368 0.196449896914 0.000727380787067
 15 0.2038294328 0.196941865973 0.000828726673086
 16 0.1977523712 0.19699252255 0.000778477928261
 17 0.2001584888 0.197178755859 0.000754632458103
 18 0.19692832 0.197164842756 0.000712836678547
 19 0.1951725312 0.197059984253 0.000682987775305
 20 0.1910616632 0.1967600682 0.000711648374228
 1 0.20184878 0.20184878 0
 2 0.2014957792 0.2016722796 0.000124804629738
 3 0.1992523008 0.20086562 0.000663869385083
 4 0.2002246008 0.2007053652 0.000516882618149
 5 0.2007048248 0.20070525712 0.000413506105819
 6 0.1930269112 0.1994255328 0.00121798458922
 7 0.1912825912 0.198262255429 0.00149993544586
 8 0.1963577272 0.1980241894 0.00133120208275
 9 0.1945429752 0.197637387822 0.00123821181403
 10 0.1931261408 0.19718626312 0.00119374563008
 11 0.1989944832 0.197350646764 0.00109648303657
 12 0.1990915 0.197495717867 0.00101466094323
 13 0.2002368312 0.197706572738 0.000958268373806
 14 0.1899350648 0.197151465029 0.00103822685468
 15 0.2005388928 0.197377293547 0.000993268520168
 16 0.2009265408 0.1975991215 0.000955638822806
 17 0.19842798 0.197647877882 0.000900667683018
 18 0.1990860672 0.197727777289 0.000854167227792
 19 0.2004068992 0.197868783705 0.000820767252054
 20 0.1972519992 0.19783794448 0.000780308045562
 1 0.1941479352 0.1941479352 0
 2 0.1941586872 0.1941533112 3.8014059471e-06
 3 0.1980922112 0.195466277867 0.00107203578969
 4 0.1941247712 0.1951309012 0.000854878526164
 5 0.1963757568 0.19537987232 0.000719244300188
 6 0.1966400888 0.1955899084 0.000629291129652
 7 0.1945344888 0.195439134171 0.000557161981119
 8 0.1928912312 0.1951206463 0.000571338580999
 9 0.1952140672 0.1951310264 0.000507950800706
 10 0.20313118 0.19593104176 0.000886009859721
 11 0.1953777912 0.195880746255 0.000806889791023
 12 0.2005491128 0.1962697768 0.000828138459375
 13 0.1964775552 0.196285759754 0.000764589719766
 14 0.19858368 0.196449896914 0.000727380787067
 15 0.2038294328 0.196941865973 0.000828726673086
 16 0.1977523712 0.19699252255 0.000778477928261
 17 0.2001584888 0.197178755859 0.000754632458103
 18 0.19692832 0.197164842756 0.000712836678547
 19 0.1951725312 0.197059984253 0.000682987775305
 20 0.1910616632 0.1967600682 0.000711648374228
 1 0.20184878 0.20184878 0
 2 0.2014957792 0.2016722796 0.000124804629738
 3 0.1992523008 0.20086562 0.000663869385083
 4 0.2002246008 0.2007053652 0.000516882618149
 5 0.2007048248 0.20070525712 0.000413506105819
 6 0.1930269112 0.1994255328 0.00121798458922
 7 0.1912825912 0.198262255429 0.00149993544586
 8 0.1963577272 0.1980241894 0.00133120208275
 9 0.1945429752 0.197637387822 0.00123821181403
 10 0.1931261408 0.19718626312 0.00119374563008
 11 0.1989944832 0.197350646764 0.00109648303657
 12 0.1990915 0.197495717867 0.00101466094323
 13 0.2002368312 0.197706572738 0.000958268373806
 14 0.1899350648 0.197151465029 0.00103822685468
 15 0.2005388928 0.197377293547 0.000993268520168
 16 0.2009265408 0.1975991215 0.000955638822806
 17 0.19842798 0.197647877882 0.000900667683018
 18 0.1990860672 0.197727777289 0.000854167227792
 19 0.2004068992 0.197868783705 0.000820767252054
 20 0.1972519992 0.19783794448 0.000780308045562
 1 0.1941479352 0.1941479352 0
 2 0.1941586872 0.1941533112 3.8014059471e-06
 3 0.1980922112 0.195466277867 0.00107203578969
 4 0.1941247712 0.1951309012 0.000854878526164
 5 0.1963757568 0.19537987232 0.000719244300188
 6 0.1966400888 0.1955899084 0.000629291129652
 7 0.1945344888 0.195439134171 0.000557161981119
 8 0.1928912312 0.1951206463 0.000571338580999
 9 0.1952140672 0.1951310264 0.000507950800706
 10 0.20313118 0.19593104176 0.000886009859721
 11 0.1953777912 0.195880746255 0.000806889791023
 12 0.2005491128 0.1962697768 0.000828138459375
 13 0.1964775552 0.196285759754 0.000764589719766
 14 0.19858368 0.196449896914 0.000727380787067
 15 0.2038294328 0.196941865973 0.000828726673086
 16 0.1977523712 0.19699252255 0.000778477928261
 17 0.2001584888 0.197178755859 0.000754632458103
 18 0.19692832 0.197164842756 0.000712836678547
 19 0.1951725312 0.197059984253 0.000682987775305
 20 0.1910616632 0.1967600682 0.000711648374228
 1 0.20184878 0.20184878 0
 2 0.2014957792 0.2016722796 0.000124804629738
 3 0.1992523008 0.20086562 0.000663869385083
 4 0.2002246008 0.2007053652 0.000516882618149
 5 0.2007048248 0.20070525712 0.000413506105819
 6 0.1930269112 0.1994255328 0.00121798458922
 7 0.1912825912 0.198262255429 0.00149993544586
 8 0.1963577272 0.1980241894 0.00133120208275
 9 0.1945429752 0.197637387822 0.00123821181403
 10 0.1931261408 0.19718626312 0.00119374563008
 11 0.1989944832 0.197350646764 0.00109648303657
 12 0.1990915 0.197495717867 0.00101466094323
 13 0.2002368312 0.197706572738 0.000958268373806
 14 0.1899350648 0.197151465029 0.00103822685468
 15 0.2005388928 0.197377293547 0.000993268520168
 16 0.2009265408 0.1975991215 0.000955638822806
 17 0.19842798 0.197647877882 0.000900667683018
 18 0.1990860672 0.197727777289 0.000854167227792
 19 0.2004068992 0.197868783705 0.000820767252054
 20 0.1972519992 0.19783794448 0.000780308045562
 1 0.1941479352 0.1941479352 0
 2 0.1941586872 0.1941533112 3.8014059471e-06
 3 0.1980922112 0.195466277867 0.00107203578969
 4 0.1941247712 0.1951309012 0.000854878526164
 5 0.1963757568 0.19537987232 0.000719244300188
 6 0.1966400888 0.1955899084 0.000629291129652
 7 0.1945344888 0.195439134171 0.000557161981119
 8 0.1928912312 0.1951206463 0.000571338580999
 9 0.1952140672 0.1951310264 0.000507950800706
 10 0.20313118 0.19593104176 0.000886009859721
 11 0.1953777912 0.195880746255 0.000806889791023
 12 0.2005491128 0.1962697768 0.000828138459375
 13 0.1964775552 0.196285759754 0.000764589719766
 14 0.19858368 0.196449896914 0.000727380787067
 15 0.2038294328 0.196941865973 0.000828726673086
 16 0.1977523712 0.19699252255 0.000778477928261
 17 0.2001584888 0.197178755859 0.000754632458103
 18 0.19692832 0.197164842756 0.000712836678547
 19 0.1951725312 0.197059984253 0.000682987775305
 20 0.1910616632 0.1967600682 0.000711648374228
 1 0.20184878 0.20184878 0
 2 0.2014957792 0.2016722796 0.000124804629738
 3 0.1992523008 0.20086562 0.000663869385083
 4 0.2002246008 0.2007053652 0.000516882618149
 5 0.2007048248 0.20070525712 0.000413506105819
 6 0.1930269112 0.1994255328 0.00121798458922
 7 0.1912825912 0.198262255429 0.00149993544586
 8 0.1963577272 0.1980241894 0.00133120208275
 9 0.1945429752 0.197637387822 0.00123821181403
 10 0.1931261408 0.19718626312 0.00119374563008
 11 0.1989944832 0.197350646764 0.00109648303657
 12 0.1990915 0.197495717867 0.00101466094323
 13 0.2002368312 0.197706572738 0.000958268373806
 14 0.1899350648 0.197151465029 0.00103822685468
 15 0.2005388928 0.197377293547 0.000993268520168
 16 0.2009265408 0.1975991215 0.000955638822806
 17 0.19842798 0.197647877882 0.000900667683018
 18 0.1990860672 0.197727777289 0.000854167227792
 19 0.2004068992 0.197868783705 0.000820767252054
 20 0.1972519992 0.19783794448 0.000780308045562
 1 0.1941479352 0.1941479352 0
 2 0.1941586872 0.1941533112 3.8014059471e-06
 3 0.1980922112 0.195466277867 0.00107203578969
 4 0.1941247712 0.1951309012 0.000854878526164
 5 0.1963757568 0.19537987232 0.000719244300188
 6 0.1966400888 0.1955899084 0.000629291129652
 7 0.1945344888 0.195439134171 0.000557161981119
 8 0.1928912312 0.1951206463 0.000571338580999
 9 0.1952140672 0.1951310264 0.000507950800706
 10 0.20313118 0.19593104176 0.000886009859721
 11 0.1953777912 0.195880746255 0.000806889791023
 12 0.2005491128 0.1962697768 0.000828138459375
 13 0.1964775552 0.196285759754 0.000764589719766
 14 0.19858368 0.196449896914 0.000727380787067
 15 0.2038294328 0.196941865973 0.000828726673086
 16 0.1977523712 0.19699252255 0.000778477928261
 17 0.2001584888 0.197178755859 0.000754632458103
 18 0.19692832 0.197164842756 0.000712836678547
 19 0.1951725312 0.197059984253 0.000682987775305
 20 0.1910616632 0.1967600682 0.000711648374228
