 1 -0.46324 -0.46324 0
 2 -0.461392 -0.462316 0.000653366665809
 3 -0.460544 -0.461725333333 0.000649861067781
 4 -0.457544 -0.46068 0.00102815173978
 5 -0.460504 -0.4606448 0.000823123728245
 6 -0.463848 -0.461178666667 0.000841439331235
 7 -0.462552 -0.461374857143 0.000743754058223
 8 -0.462232 -0.461482 0.000658456908229
 9 -0.462728 -0.461620444444 0.00059967281431
 10 -0.463856 -0.461844 0.000579880539423
 11 -0.461312 -0.461795636364 0.000529177113759
 12 -0.463 -0.461896 0.000494504915152
 13 -0.462248 -0.461923076923 0.000457206781405
 14 -0.461896 -0.461921142857 0.000424553244863
 15 -0.461024 -0.461861333333 0.000400440409399
 16 -0.462144 -0.461879 0.000375802391554
 17 -0.46196 -0.461883764706 0.000353726572498
 18 -0.462432 -0.461914222222 0.00033538380037
 19 -0.463008 -0.461971789474 0.000322634786435
 20 -0.459992 -0.4618728 0.000321330185318
 1 -0.459928 -0.459928 0
 2 -0.461032 -0.46048 0.000390322943217
 3 -0.465152 -0.462037333333 0.00129790988673
 4 -0.463952 -0.462516 0.00105802268407
 5 -0.464384 -0.4628896 0.00090999189447
 6 -0.465336 -0.463297333333 0.000844747255643
 7 -0.459336 -0.462731428571 0.000893741844135
 8 -0.459752 -0.462359 0.000856111485147
 9 -0.462432 -0.462367111111 0.000761026409629
 10 -0.46116 -0.4622464 0.000694431151371
 11 -0.461448 -0.462173818182 0.000635082838587
 12 -0.465176 -0.462424 0.000629511274274
 13 -0.463328 -0.462493538462 0.000584915475765
 14 -0.46016 -0.462326857143 0.000566387395881
 15 -0.462376 -0.462330133333 0.000528637711409
 16 -0.461952 -0.4623065 0.000496125850334
 17 -0.460664 -0.462209882353 0.000476256930176
 18 -0.46512 -0.462371555556 0.000476449926257
 19 -0.461248 -0.462312421053 0.000455028551144
 20 -0.460712 -0.4622324 0.000439256999943
 1 -0.46324 -0.46324 0
 2 -0.461392 -0.462316 0.000653366665809
 3 -0.460544 -0.461725333333 0.000649861067781
 4 -0.457544 -0.46068 0.00102815173978
 5 -0.460504 -0.4606448 0.000823123728245
 6 -0.463848 -0.461178666667 0.000841439331235
 7 -0.462552 -0.461374857143 0.000743754058223
 8 -0.462232 -0.461482 0.000658456908229
 9 -0.462728 -0.461620444444 0.00059967281431
 10 -0.463856 -0.461844 0.000579880539423
 11 -0.461312 -0.461795636364 0.000529177113759
 12 -0.463 -0.461896 0.000494504915152
 13 -0.462248 -0.461923076923 0.000457206781405
 14 -0.461896 -0.461921142857 0.000424553244863
 15 -0.461024 -0.461861333333 0.000400440409399
 16 -0.462144 -0.461879 0.000375802391554
 17 -0.46196 -0.461883764706 0.000353726572498
 18 -0.462432 -0.461914222222 0.00033538380037
 19 -0.463008 -0.461971789474 0.000322634786435
 20 -0.459992 -0.4618728 0.000321330185318
 1 -0.459928 -0.459928 0
 2 -0.461032 -0.46048 0.000390322943217
 3 -0.465152 -0.462037333333 0.00129790988673
 4 -0.463952 -0.462516 0.00105802268407
 5 -0.464384 -0.4628896 0.00090999189447
 6 -0.465336 -0.463297333333 0.000844747255643
 7 -0.459336 -0.462731428571 0.000893741844135
 8 -0.459752 -0.462359 0.000856111485147
 9 -0.462432 -0.462367111111 0.000761026409629
 10 -0.46116 -0.4622464 0.000694431151371
 11 -0.461448 -0.462173818182 0.000635082838587
 12 -0.465176 -0.462424 0.000629511274274
 13 -0.463328 -0.462493538462 0.000584915475765
 14 -0.46016 -0.462326857143 0.000566387395881
 15 -0.462376 -0.462330133333 0.000528637711409
 16 -0.461952 -0.4623065 0.000496125850334
 17 -0.460664 -0.462209882353 0.000476256930176
 18 -0.46512 -0.462371555556 0.000476449926257
 19 -0.461248 -0.462312421053 0.000455028551144
 20 -0.460712 -0.4622324 0.000439256999943
 1 -0.46324 -0.46324 0
 2 -0.461392 -0.462316 0.000653366665809
 3 -0.460544 -0.461725333333 0.000649861067781
 4 -0.457544 -0.46068 0.00102815173978
 5 -0.460504 -0.4606448 0.000823123728245
 6 -0.463848 -0.461178666667 0.000841439331235
 7 -0.462552 -0.461374857143 0.000743754058223
 8 -0.462232 -0.461482 0.000658456908229
 9 -0.462728 -0.461620444444 0.00059967281431
 10 -0.463856 -0.461844 0.000579880539423
 11 -0.461312 -0.461795636364 0.000529177113759
 12 -0.463 -0.461896 0.000494504915152
 13 -0.462248 -0.461923076923 0.000457206781405
 14 -0.461896 -0.461921142857 0.000424553244863
 15 -0.461024 -0.461861333333 0.000400440409399
 16 -0.462144 -0.461879 0.000375802391554
 17 -0.46196 -0.461883764706 0.000353726572498
 18 -0.462432 -0.461914222222 0.00033538380037
 19 -0.463008 -0.461971789474 0.000322634786435
 20 -0.459992 -0.4618728 0.000321330185318
 1 -0.459928 -0.459928 0
 2 -0.461032 -0.46048 0.000390322943217
 3 -0.465152 -0.462037333333 0.00129790988673
 4 -0.463952 -0.462516 0.00105802268407
 5 -0.464384 -0.4628896 0.00090999189447
 6 -0.465336 -0.463297333333 0.000844747255643
 7 -0.459336 -0.462731428571 0.000893741844135
 8 -0.459752 -0.462359 0.000856111485147
 9 -0.462432 -0.462367111111 0.000761026409629
 10 -0.46116 -0.4622464 0.000694431151371
 11 -0.461448 -0.462173818182 0.000635082838587
 12 -0.465176 -0.462424 0.000629511274274
 13 -0.463328 -0.462493538462 0.000584915475765
 14 -0.46016 -0.462326857143 0.000566387395881
 15 -0.462376 -0.462330133333 0.000528637711409
 16 -0.461952 -0.4623065 0.000496125850334
 17 -0.460664 -0.462209882353 0.000476256930176
 18 -0.46512 -0.462371555556 0.000476449926257
 19 -0.461248 -0.462312421053 0.000455028551144
 20 -0.460712 -0.4622324 0.000439256999943
 1 -0.46324 -0.46324 0
 2 -0.461392 -0.462316 0.000653366665809
 3 -0.460544 -0.461725333333 0.000649861067781
 4 -0.457544 -0.46068 0.00102815173978
 5 -0.460504 -0.4606448 0.000823123728245
 6 -0.463848 -0.461178666667 0.000841439331235
 7 -0.462552 -0.461374857143 0.000743754058223
 8 -0.462232 -0.461482 0.000658456908229
 9 -0.462728 -0.461620444444 0.00059967281431
 10 -0.463856 -0.461844 0.000579880539423
 11 -0.461312 -0.461795636364 0.000529177113759
 12 -0.463 -0.461896 0.000494504915152
 13 -0.462248 -0.461923076923 0.000457206781405
 14 -0.461896 -0.461921142857 0.000424553244863
 15 -0.461024 -0.461861333333 0.000400440409399
 16 -0.462144 -0.461879 0.000375802391554
 17 -0.46196 -0.461883764706 0.000353726572498
 18 -0.462432 -0.461914222222 0.00033538380037
 19 -0.463008 -0.461971789474 0.000322634786435
 20 -0.459992 -0.4618728 0.000321330185318
 1 -0.459928 -0.459928 0
 2 -0.461032 -0.46048 0.000390322943217
 3 -0.465152 -0.462037333333 0.00129790988673
 4 -0.463952 -0.462516 0.00105802268407
 5 -0.464384 -0.4628896 0.00090999189447
 6 -0.465336 -0.463297333333 0.000844747255643
 7 -0.459336 -0.462731428571 0.000893741844135
 8 -0.459752 -0.462359 0.000856111485147
 9 -0.462432 -0.462367111111 0.000761026409629
 10 -0.46116 -0.4622464 0.000694431151371
 11 -0.461448 -0.462173818182 0.000635082838587
 12 -0.465176 -0.462424 0.000629511274274
 13 -0.463328 -0.462493538462 0.000584915475765
 14 -0.46016 -0.462326857143 0.000566387395881
 15 -0.462376 -0.462330133333 0.000528637711409
 16 -0.461952 -0.4623065 0.000496125850334
 17 -0.460664 -0.462209882353 0.000476256930176
 18 -0.46512 -0.462371555556 0.000476449926257
 19 -0.461248 -0.462312421053 0.000455028551144
 20 -0.460712 -0.4622324 0.000439256999943
 1 -0.46324 -0.46324 0
 2 -0.461392 -0.462316 0.000653366665809
 3 -0.460544 -0.461725333333 0.000649861067781
 4 -0.457544 -0.46068 0.00102815173978
 5 -0.460504 -0.4606448 0.000823123728245
 6 -0.463848 -0.461178666667 0.000841439331235
 7 -0.462552 -0.461374857143 0.000743754058223
 8 -0.462232 -0.461482 0.000658456908229
 9 -0.462728 -0.461620444444 0.00059967281431
 10 -0.463856 -0.461844 0.000579880539423
 11 -0.461312 -0.461795636364 0.000529177113759
 12 -0.463 -0.461896 0.000494504915152
 13 -0.462248 -0.461923076923 0.000457206781405
 14 -0.461896 -0.461921142857 0.000424553244863
 15 -0.461024 -0.461861333333 0.000400440409399
 16 -0.462144 -0.461879 0.000375802391554
 17 -0.46196 -0.461883764706 0.000353726572498
 18 -0.462432 -0.461914222222 0.00033538380037
 19 -0.463008 -0.461971789474 0.000322634786435
 20 -0.459992 -0.4618728 0.000321330185318
 1 -0.459928 -0.459928 0
 2 -0.461032 -0.46048 0.000390322943217
 3 -0.465152 -0.462037333333 0.00129790988673
 4 -0.463952 -0.462516 0.00105802268407
 5 -0.464384 -0.4628896 0.00090999189447
 6 -0.465336 -0.463297333333 0.000844747255643
 7 -0.459336 -0.462731428571 0.000893741844135
 8 -0.459752 -0.462359 0.000856111485147
 9 -0.462432 -0.462367111111 0.000761026409629
 10 -0.46116 -0.4622464 0.000694431151371
 11 -0.461448 -0.462173818182 0.000635082838587
 12 -0.465176 -0.462424 0.000629511274274
 13 -0.463328 -0.462493538462 0.000584915475765
 14 -0.46016 -0.462326857143 0.000566387395881
 15 -0.462376 -0.462330133333 0.000528637711409
 16 -0.461952 -0.4623065 0.000496125850334
 17 -0.460664 -0.462209882353 0.000476256930176
 18 -0.46512 -0.462371555556 0.000476449926257
 19 -0.461248 -0.462312421053 0.000455028551144
 20 -0.460712 -0.4622324 0.000439256999943
 1 -0.46324 -0.46324 0
 2 -0.461392 -0.462316 0.000653366665809
 3 -0.460544 -0.461725333333 0.000649861067781
 4 -0.457544 -0.46068 0.00102815173978
 5 -0.460504 -0.4606448 0.000823123728245
 6 -0.463848 -0.461178666667 0.000841439331235
 7 -0.462552 -0.461374857143 0.000743754058223
 8 -0.462232 -0.461482 0.000658456908229
 9 -0.462728 -0.461620444444 0.00059967281431
 10 -0.463856 -0.461844 0.000579880539423
 11 -0.461312 -0.461795636364 0.000529177113759
 12 -0.463 -0.461896 0.000494504915152
 13 -0.462248 -0.461923076923 0.000457206781405
 14 -0.461896 -0.461921142857 0.000424553244863
 15 -0.461024 -0.461861333333 0.000400440409399
 16 -0.462144 -0.461879 0.000375802391554
 17 -0.46196 -0.461883764706 0.000353726572498
 18 -0.462432 -0.461914222222 0.00033538380037
 19 -0.463008 -0.461971789474 0.000322634786435
 20 -0.459992 -0.4618728 0.000321330185318
 1 -0.459928 -0.459928 0
 2 -0.461032 -0.46048 0.000390322943217
 3 -0.465152 -0.462037333333 0.00129790988673
 4 -0.463952 -0.462516 0.00105802268407
 5 -0.464384 -0.4628896 0.00090999189447
 6 -0.465336 -0.463297333333 0.000844747255643
 7 -0.459336 -0.462731428571 0.000893741844135
 8 -0.459752 -0.462359 0.000856111485147
 9 -0.462432 -0.462367111111 0.000761026409629
 10 -0.46116 -0.4622464 0.000694431151371
 11 -0.461448 -0.462173818182 0.000635082838587
 12 -0.465176 -0.462424 0.000629511274274
 13 -0.463328 -0.462493538462 0.000584915475765
 14 -0.46016 -0.462326857143 0.000566387395881
 15 -0.462376 -0.462330133333 0.000528637711409
 16 -0.461952 -0.4623065 0.000496125850334
 17 -0.460664 -0.462209882353 0.000476256930176
 18 -0.46512 -0.462371555556 0.000476449926257
 19 -0.461248 -0.462312421053 0.000455028551144
 20 -0.460712 -0.4622324 0.000439256999943
 1 -0.46324 -0.46324 0
 2 -0.461392 -0.462316 0.000653366665809
 3 -0.460544 -0.461725333333 0.000649861067781
 4 -0.457544 -0.46068 0.00102815173978
 5 -0.460504 -0.4606448 0.000823123728245
 6 -0.463848 -0.461178666667 0.000841439331235
 7 -0.462552 -0.461374857143 0.000743754058223
 8 -0.462232 -0.461482 0.000658456908229
 9 -0.462728 -0.461620444444 0.00059967281431
 10 -0.463856 -0.461844 0.000579880539423
 11 -0.461312 -0.461795636364 0.000529177113759
 12 -0.463 -0.461896 0.000494504915152
 13 -0.462248 -0.461923076923 0.000457206781405
 14 -0.461896 -0.461921142857 0.000424553244863
 15 -0.461024 -0.461861333333 0.000400440409399
 16 -0.462144 -0.461879 0.000375802391554
 17 -0.46196 -0.461883764706 0.000353726572498
 18 -0.462432 -0.461914222222 0.00033538380037
 19 -0.463008 -0.461971789474 0.000322634786435
 20 -0.459992 -0.4618728 0.000321330185318
 1 -0.459928 -0.459928 0
 2 -0.461032 -0.46048 0.000390322943217
 3 -0.465152 -0.462037333333 0.00129790988673
 4 -0.463952 -0.462516 0.00105802268407
 5 -0.464384 -0.4628896 0.00090999189447
 6 -0.465336 -0.463297333333 0.000844747255643
 7 -0.459336 -0.462731428571 0.000893741844135
 8 -0.459752 -0.462359 0.000856111485147
 9 -0.462432 -0.462367111111 0.000761026409629
 10 -0.46116 -0.4622464 0.000694431151371
 11 -0.461448 -0.462173818182 0.000635082838587
 12 -0.465176 -0.462424 0.000629511274274
 13 -0.463328 -0.462493538462 0.000584915475765
 14 -0.46016 -0.462326857143 0.000566387395881
 15 -0.462376 -0.462330133333 0.000528637711409
 16 -0.461952 -0.4623065 0.000496125850334
 17 -0.460664 -0.462209882353 0.000476256930176
 18 -0.46512 -0.462371555556 0.000476449926257
 19 -0.461248 -0.462312421053 0.000455028551144
 20 -0.460712 -0.4622324 0.000439256999943
