 10.909524 0.909524 0
 20.965508 0.937516 0.019793333019
 30.978652 0.951228 0.0173051623383
 40.840676 0.92359 0.0272276586397
 50.885592 0.9159904 0.0228180671602
 60.965536 0.924248 0.0204547219868
 70.911344 0.922404571429 0.0176154900931
 80.794632 0.906433 0.0214658414434
 90.94032 0.910198222222 0.0194081588455
 100.962708 0.9154492 0.0181637980878
 110.93618 0.917333818182 0.0166100269736
 120.855364 0.912169666667 0.0160085240659
 130.697804 0.89568 0.0216646181727
 140.744068 0.884850571429 0.0226627264372
 150.964376 0.890152266667 0.0217631810827
 160.957088 0.89433575 0.0208011868005
 170.955284 0.897920941176 0.0198841504026
 180.933976 0.899924 0.0188800963379
 190.857576 0.897695157895 0.0180174869138
 200.952688 0.9004448 0.0173251531286
 10.75076 0.75076 0
 20.745156 0.747958 0.00198131320089
 30.861348 0.785754666667 0.0308891035708
 40.918492 0.818939 0.0369134377802
 50.791604 0.813472 0.0299328528543
 60.878568 0.824321333333 0.0268383189019
 70.694928 0.805836571429 0.0286717747739
 80.694228 0.7918855 0.0282789886748
 90.824392 0.795497333333 0.0253664844769
 100.801768 0.7961244 0.0228375853466
 110.868656 0.802718181818 0.0216924608718
 120.897936 0.810653 0.0212865702844
 130.518688 0.788194153846 0.0291837037013
 140.844824 0.792239142857 0.0273780449152
 150.913408 0.800317066667 0.0267179788363
 160.811012 0.8009855 0.0250564652332
 170.789144 0.800288941176 0.0235922355429
 180.919808 0.806928888889 0.0231971388414
 190.909888 0.812347789474 0.0226003090283
 200.880732 0.815767 0.0217274010611
 10.5272 0.5272 0
 20.82826 0.67773 0.106440783772
 30.78988 0.715113333333 0.0772468219171
 40.638036 0.695844 0.0602906138798
 50.500064 0.656688 0.0596064347775
 60.69542 0.663143333333 0.0500203615556
 70.645316 0.660596571429 0.0429393802332
 80.685424 0.6637 0.0376839404256
 90.698384 0.667553777778 0.0336933145091
 100.55808 0.6566064 0.0320531514941
 110.534428 0.645499272727 0.0310039936721
 120.425008 0.627125 0.0334244584669
 130.758976 0.637267384615 0.0323555871797
 140.630332 0.636772 0.0300482658972
 150.775332 0.646009333333 0.029430672756
 160.742204 0.6520215 0.0281986596376
 170.764968 0.658665411765 0.0273113911526
 180.501936 0.649958222222 0.0271466086411
 190.814436 0.658614947368 0.0270629270466
 200.692336 0.660301 0.0257622487013
 10.77516 0.77516 0
 20.611832 0.693496 0.0577451681788
 30.525612 0.637534666667 0.0597476571021
 40.210264 0.530717 0.102788681803
 50.236836 0.4719408 0.097599394145
 60.56438 0.487347333333 0.0825398694096
 70.657816 0.5117 0.0742541253188
 80.400088 0.4977485 0.0662700635824
 90.607164 0.509905777778 0.0600114929276
 100.53322 0.5122372 0.0540556120692
 110.47314 0.508682909091 0.0492581786508
 120.650412 0.520493666667 0.0465477469259
 130.415208 0.512394769231 0.0436660354997
 140.622736 0.520276285714 0.0412521897926
 150.36976 0.510241866667 0.0397037064415
 160.506604 0.5100145 0.0372228758005
 170.416568 0.504517647059 0.0354368419271
 180.674376 0.513954222222 0.0347018358489
 190.514844 0.514001052632 0.0328754550348
 200.564804 0.5165412 0.0313296618151
 10.3787 0.3787 0
 20.34994 0.36432 0.0101681955135
 30.423496 0.384045333333 0.0174741124418
 40.356896 0.377258 0.0143634000501
 50.378244 0.3774552 0.0114920736733
 60.4616 0.391479333333 0.0159878281873
 70.45056 0.399919428571 0.0157751174036
 80.364072 0.3954385 0.0144256014249
 90.443568 0.400786222222 0.0137783763613
 100.412784 0.401986 0.012452665607
 110.38952 0.400852727273 0.0113720557356
 120.179764 0.382428666667 0.0204896713592
 130.580044 0.397629846154 0.0238960853029
 140.392828 0.397286857143 0.0221916834521
 150.507852 0.404657866667 0.0219022021951
 160.3469 0.401048 0.0208286748978
 170.394252 0.400648235294 0.0196072946936
 180.468656 0.404426444444 0.0188785105479
 190.534764 0.411286315789 0.0190905977881
 200.370752 0.4092596 0.0182433318468
 10.467056 0.467056 0
 20.412764 0.43991 0.0191951206821
 30.293852 0.391224 0.0417609203389
 40.258528 0.35805 0.0425014275643
 50.3874 0.36392 0.0344041157538
 60.371628 0.365204666667 0.0286940714809
 70.253636 0.349266285714 0.0286819057103
 80.4287 0.3591955 0.0267602009282
 90.3527 0.358473777778 0.0237965756981
 100.386448 0.3612712 0.0215807181552
 110.343008 0.359610909091 0.0196825974775
 120.26466 0.351698333333 0.0195683152937
 130.35656 0.352072307692 0.0180666334707
 140.351192 0.352009428571 0.0167762690732
 150.301372 0.3486336 0.0159938979866
 160.346856 0.3485225 0.01499466523
 170.347444 0.348459058824 0.0141127603053
 180.302328 0.345896222222 0.0135594233115
 190.346268 0.345915789474 0.0128457835715
 200.346668 0.3459534 0.0122035494518
 10.203004 0.203004 0
 20.277672 0.240338 0.0263991245688
 30.358116 0.279597333333 0.0365686973527
 40.252832 0.272906 0.0280320284853
 50.164532 0.2512312 0.0296436522964
 60.251456 0.251268666667 0.0247030672574
 70.257176 0.252112571429 0.021188467459
 80.123564 0.236044 0.0238673907455
 90.31908 0.245270222222 0.022929472794
 100.275532 0.2482964 0.0208352624669
 110.298456 0.252856363636 0.0194337347756
 120.314788 0.258017333333 0.0184868526877
 130.29184 0.260619076923 0.0172468933632
 140.3222 0.265017714286 0.0165663922185
 150.231732 0.262798666667 0.0156098779287
 160.332524 0.2671565 0.0152304095147
 170.3033 0.269282588235 0.0144821383916
 180.366592 0.274688666667 0.0146518973793
 190.374948 0.279965473684 0.0148004817746
 200.354368 0.2836856 0.0145204629111
 10.232892 0.232892 0
 20.32064 0.276766 0.0310236029178
 30.25232 0.268617333333 0.021726226759
 40.212984 0.254709 0.0202632074152
 50.290112 0.2617896 0.0174037457154
 60.2664 0.262558 0.0145200744948
 70.266024 0.263053142857 0.0124542176045
 80.260156 0.262691 0.0109027043148
 90.231548 0.259230666667 0.010225684689
 100.330304 0.266338 0.0114087736659
 110.148136 0.255592363636 0.0145788164986
 120.219668 0.252598666667 0.0136678307418
 130.336244 0.259032923077 0.0140495589985
 140.259472 0.259064285714 0.0130460540752
 150.24544 0.258156 0.012207894294
 160.263668 0.2585005 0.0114497606682
 170.24802 0.257884 0.0107928299613
 180.286284 0.259461777778 0.0103079089435
 190.21658 0.257204842105 0.0100094184415
 200.248536 0.2567714 0.00951832765679
 10.231712 0.231712 0
 20.131016 0.181364 0.0356014122192
 30.24346 0.202062666667 0.0291365578282
 40.197708 0.200974 0.0218727475412
 50.202588 0.2012968 0.0175005798267
 60.214436 0.203486666667 0.0147201891192
 70.204212 0.203590285714 0.012617669654
 80.187036 0.201521 0.0112088571396
 90.225452 0.20418 0.0102739769837
 100.25594 0.209356 0.0104695323143
 110.191488 0.207731636364 0.00964294457212
 120.234572 0.209968333333 0.00909507014765
 130.175616 0.207325846154 0.00877092782084
 140.222584 0.208415714286 0.00821186685841
 150.178432 0.2064168 0.00790395138267
 160.255476 0.209483 0.00798256901395
 170.230256 0.210704941176 0.00760595619111
 180.157264 0.207736 0.00774120085749
 190.210356 0.207873894737 0.00733499729653
 200.211592 0.2080598 0.00697060291496
 10.120452 0.120452 0
 20.170248 0.14535 0.017605544638
 30.153112 0.147937333333 0.0119256333196
 40.182312 0.156531 0.0116356130371
 50.235288 0.1722824 0.0168858898388
 60.177852 0.173210666667 0.0140970665401
 70.181072 0.174333714286 0.0121278513764
 80.157804 0.1722675 0.0107864438171
 90.197664 0.175089333333 0.00995021509539
 100.17564 0.1751444 0.00895534596004
 110.180648 0.175644727273 0.00815518804511
 120.143424 0.172959666667 0.00790526318992
 130.1116 0.168239692308 0.00859145420965
 140.1942 0.170094 0.0081754393928
 150.225308 0.173774933333 0.00841838130625
 160.176752 0.173961 0.00789428846936
 170.13938 0.171926823529 0.00768753272285
 180.152812 0.170864888889 0.00733342715466
 190.213696 0.173119157895 0.00728570053869
 200.189024 0.1739144 0.00696468105458
 10.161384 0.161384 0
 20.119784 0.140584 0.0147078210487
 30.133464 0.138210666667 0.00999486683068
 40.141344 0.138994 0.00752678384172
 50.194468 0.1500888 0.0116074654267
 60.15232 0.150460666667 0.00967884274151
 70.126744 0.147072571429 0.00886935314775
 80.113128 0.1428295 0.00871673186858
 90.137552 0.142243111111 0.00776790473751
 100.153764 0.1433952 0.00707603395809
 110.136156 0.142737090909 0.00646328952586
 120.156904 0.143917666667 0.00603153961289
 130.185476 0.147114461538 0.00635855910943
 140.155432 0.147708571429 0.00593206661662
 150.18202 0.149996 0.00596132513233
 160.176524 0.151654 0.00581473940732
 170.118596 0.149709411765 0.00578872933273
 180.135872 0.148940666667 0.00551794196068
 190.163284 0.149695578947 0.00527891134496
 200.134628 0.1489422 0.00506843985838
 10.118316 0.118316 0
 20.148844 0.13358 0.010793277908
 30.159444 0.142201333333 0.0100661353208
 40.166996 0.1484 0.00926358915324
 50.161864 0.1510928 0.00779242909701
 60.152256 0.151286666667 0.0064961020563
 70.139392 0.149587428571 0.0057860626592
 80.11642 0.1454415 0.00637747018564
 90.102412 0.140660444444 0.00724255897603
 100.12434 0.1390284 0.00669966321422
 110.129676 0.138178181818 0.00614431439372
 120.149128 0.139090666667 0.0056996414962
 130.154264 0.140257846154 0.00537938841891
 140.106096 0.137817714286 0.00552090824699
 150.13738 0.137788533333 0.00515292481509
 160.140024 0.13792825 0.00483276078537
 170.133344 0.137658588235 0.00455599791526
 180.108884 0.13606 0.00457475123253
 190.14956 0.136770526316 0.00438880561581
 200.072284 0.1335462 0.0052211180295
 10.12318 0.12318 0
 20.067476 0.095328 0.0196943380696
 30.099684 0.09678 0.0131829756884
 40.09622 0.09664 0.00988797512133
 50.103548 0.0980216 0.0080063205112
 60.135364 0.104245333333 0.00876320416624
 70.075384 0.100122285714 0.00842561063181
 80.09892 0.099972 0.0073737494872
 90.10428 0.100450666667 0.00656996193311
 100.130832 0.1034888 0.00657802345511
 110.078648 0.101230545455 0.00635584441967
 120.13968 0.104434666667 0.00658447858955
 130.14186 0.107313538462 0.00667774030502
 140.133536 0.109186571429 0.00645810137775
 150.138052 0.111110933333 0.00630775600984
 160.1542 0.113804 0.00646289824692
 170.108224 0.113475764706 0.00609105720537
 180.06998 0.111059333333 0.00621352557523
 190.135804 0.112361684211 0.00602143721492
 200.119816 0.1127344 0.00573188895496
 10.083956 0.083956 0
 20.112124 0.09804 0.00995889190623
 30.097092 0.097724 0.00664427278857
 40.087568 0.095185 0.00544676222631
 50.071596 0.0904672 0.00606573404231
 60.094776 0.0911853333333 0.0050971116585
 70.080096 0.0896011428571 0.0046085665549
 80.090332 0.0896925 0.00403340113536
 90.043784 0.0845915555556 0.00599854555028
 100.09698 0.0858304 0.00552513587742
 110.082172 0.0854978181818 0.00503285061235
 120.12484 0.0887763333333 0.00558003830051
 130.1001 0.0896473846154 0.00521834785519
 140.078032 0.0888177142857 0.00491112091971
 150.080888 0.0882890666667 0.00461207769373
 160.089296 0.088352 0.00432425218969
 170.107584 0.0894832941176 0.00421527005277
 180.065968 0.0881768888889 0.00417862931695
 190.086536 0.0880905263158 0.00395959381459
 200.071488 0.0872604 0.00384764798702
 10.102444 0.102444 0
 20.10218 0.102312 9.33380951114e-05
 30.096544 0.100389333333 0.00157108351382
 40.073176 0.093586 0.00600852968704
 50.094832 0.0938352 0.00481198868162
 60.099684 0.09481 0.00410754024799
 70.094404 0.094752 0.003521158251
 80.1174 0.097583 0.00406268198054
 90.070132 0.0945328888889 0.00461636037611
 100.076316 0.0927112 0.0044998255184
 110.089628 0.0924309090909 0.00409947073676
 120.091828 0.0923806666667 0.00375815604411
 130.089676 0.0921726153846 0.00347482119848
 140.075012 0.0909468571429 0.00343602060835
 150.06604 0.0892864 0.00358578510703
 160.093432 0.0895455 0.00337102150459
 170.098608 0.0900785882353 0.00321460066892
 180.081244 0.0895877777778 0.00307325221187
 190.097524 0.0900054736842 0.00293975027806
 200.060752 0.0885428 0.00313559682485
 10.077172 0.077172 0
 20.088612 0.082892 0.00404465078839
 30.072948 0.0795773333333 0.0038203968768
 40.051216 0.072487 0.00677602765269
 50.038272 0.065644 0.00817597894322
 60.060884 0.0648506666667 0.00685169712418
 70.07256 0.065952 0.00596073957882
 80.071076 0.0665925 0.00524994621103
 90.056336 0.0654528888889 0.00478871000554
 100.052496 0.0641572 0.00448170067898
 110.082148 0.0657927272727 0.0043625079395
 120.065176 0.0657413333333 0.00399926833123
 130.104984 0.06876 0.00469462966004
 140.091544 0.0703874285714 0.00463279947732
 150.061992 0.0698277333333 0.00435762382494
 160.045492 0.06830675 0.00434260906194
 170.084796 0.0692767058824 0.0041940864645
 180.065588 0.0690717777778 0.0039660850177
 190.053056 0.0682288421053 0.00384587771053
 200.094244 0.0695296 0.00386730491583
 10.072416 0.072416 0
 20.07878 0.075598 0.00225001377774
 30.054212 0.0684693333333 0.00601070876452
 40.074364 0.069943 0.00468520210343
 50.064432 0.0688408 0.00387564083372
 60.080016 0.0707033333333 0.00364990756859
 70.057228 0.0687782857143 0.00360053754328
 80.080032 0.070185 0.00341422800571
 90.083096 0.0716195555556 0.00332260748086
 100.051916 0.0696492 0.00352650598979
 110.066784 0.0693887272727 0.00321551958988
 120.063328 0.0688836666667 0.00298696112605
 130.064276 0.0685292307692 0.00277814416399
 140.071548 0.0687448571429 0.00258805971538
 150.068068 0.0686997333333 0.00241591574442
 160.06984 0.068771 0.00226597190792
 170.084072 0.0696710588235 0.00230451170619
 180.08588 0.0705715555556 0.00234583122521
 190.065076 0.0702823157895 0.00224012701096
 200.072028 0.0703696 0.00212982045065
 10.08458 0.08458 0
 20.083664 0.084122 0.000323854905784
 30.079232 0.082492 0.00134828813274
 40.06554 0.078254 0.0038069726818
 50.067684 0.07614 0.00358479330506
 60.109728 0.081738 0.00591935782928
 70.040832 0.0758942857143 0.00741709904707
 80.06026 0.07394 0.00674250925101
 90.052028 0.0715053333333 0.00641787522241
 100.04994 0.0693488 0.00612770442629
 110.054852 0.0680309090909 0.00571060211825
 120.070776 0.0682596666667 0.00523929843604
 130.078948 0.0690818461538 0.00490036133657
 140.07316 0.0693731428571 0.0045589852152
 150.053852 0.0683384 0.0043709024431
 160.086644 0.0694825 0.00424481710258
 170.061056 0.0689868235294 0.00402395851533
 180.071572 0.0691304444444 0.00380296742017
 190.054644 0.068368 0.00367844729377
 200.051148 0.067507 0.00359387804885
 10.062952 0.062952 0
 20.056632 0.059792 0.00223445742855
 30.026088 0.0485573333333 0.00929323296614
 40.062708 0.052095 0.00761355138881
 50.068144 0.0553048 0.00673354277272
 60.05138 0.0546506666667 0.0056429692473
 70.066164 0.0562954285714 0.00507086882568
 80.063884 0.057244 0.00452486176584
 90.077296 0.059472 0.00453758893937
 100.061872 0.059712 0.00409017210396
 110.047856 0.0586341818182 0.00385773550203
 120.064644 0.059135 0.00356861803706
 130.072376 0.0601535384615 0.00343638950582
 140.0599 0.0601354285714 0.00319098083206
 150.042496 0.0589594666667 0.0031875789794
 160.031796 0.05726175 0.00341062591339
 170.019268 0.0550268235294 0.00387365259372
 180.044668 0.0544513333333 0.00370095171277
 190.057224 0.0545972631579 0.00350904063318
 200.060608 0.0548978 0.003346433809
 10.05196 0.05196 0
 20.079924 0.065942 0.00988676701455
 30.056224 0.0627026666667 0.00710205236899
 40.058592 0.061675 0.00540037913021
 50.05744 0.060828 0.00438622250234
 60.04436 0.0580833333333 0.00443148316448
 70.063496 0.0588565714286 0.00386528566337
 80.026956 0.054869 0.00503506746479
 90.072616 0.0568408888889 0.00484638439354
 100.058928 0.0570496 0.00436623774708
 110.027 0.0543178181818 0.00474758983276
 120.06808 0.0554646666667 0.0044883392334
 130.048788 0.0549510769231 0.00417236331149
 140.090972 0.057524 0.00459973594628
 150.045384 0.0567146666667 0.00436370798765
 160.034032 0.055297 0.0043151192553
 170.066244 0.0559409411765 0.00410905517766
 180.0521 0.0557275555556 0.00388631100449
 190.056336 0.0557595789474 0.00368190025483
 200.0545 0.0556966 0.00349834382844
 10.07452 0.07452 0
 20.03 0.05226 0.0157401969492
 30.059076 0.054532 0.0106561776762
 40.046904 0.052625 0.00816098528059
 50.043188 0.0507376 0.00674350789189
 60.050636 0.0507206666667 0.00561961117015
 70.049664 0.0505697142857 0.00481883656767
 80.0513 0.050661 0.00421734654433
 90.061064 0.0518168888889 0.00390394301607
 100.043676 0.0510028 0.00359742841708
 110.047864 0.0507174545455 0.00328168665655
 120.042132 0.050002 0.00308521684813
 130.036272 0.0489458461538 0.00302326773688
 140.044128 0.0486017142857 0.00282683807537
 150.061004 0.0494285333333 0.00275664924761
 160.063304 0.05029575 0.00271734621158
 170.057248 0.0507047058824 0.00258809294229
 180.054908 0.0509382222222 0.00245482215739
 190.039196 0.0503202105263 0.00240215516298
 200.05452 0.0505302 0.00229120735814
 10.044232 0.044232 0
 20.076076 0.060154 0.0112585541701
 30.041856 0.0540546666667 0.00900759784643
 40.061024 0.055797 0.006922156799
 50.047464 0.0541304 0.00573484502737
 60.047544 0.0530326666667 0.00488296853397
 70.04558 0.051968 0.00429990359645
 80.04524 0.051127 0.00384377969907
 90.055056 0.0515635555556 0.00344139457488
 100.055692 0.0519764 0.00312192020141
 110.05238 0.0520130909091 0.00283832487396
 120.033952 0.050508 0.00297420166693
 130.058084 0.0510907692308 0.00280192959326
 140.04262 0.0504857142857 0.00266632002655
 150.044964 0.0501176 0.00251384800531
 160.067476 0.0512025 0.00258023896362
 170.040148 0.0505522352941 0.00250906156726
 180.048304 0.0504273333333 0.00237277605297
 190.06538 0.0512143157895 0.00237481954533
 200.065844 0.0519458 0.00236605287304
 10.042992 0.042992 0
 20.039048 0.04102 0.0013944145725
 30.051768 0.0446026666667 0.00306939318409
 40.044248 0.044514 0.002303325205
 50.033836 0.0423784 0.0026540584711
 60.042844 0.042456 0.00221284954552
 70.026708 0.0402062857143 0.00281704837363
 80.03934 0.040098 0.00246699766923
 90.061452 0.0424706666667 0.00313253802357
 100.04426 0.0426496 0.00282439001273
 110.0462 0.0429723636364 0.00258600380073
 120.028 0.0417246666667 0.00265448780719
 130.033676 0.0411055384615 0.00252146509635
 140.045388 0.0414114285714 0.00235984194757
 150.054768 0.0423018666667 0.00236455322323
 160.027612 0.04138375 0.00238837137158
 170.042076 0.0414244705882 0.00224822604443
 180.04676 0.0417208888889 0.00214277619752
 190.035496 0.0413932631579 0.00205489248877
 200.042548 0.041451 0.00195295881933
 10.034592 0.034592 0
 20.039348 0.03697 0.00168149992566
 30.047808 0.0405826666667 0.00315555824726
 40.055052 0.0442 0.00392618720899
 50.048676 0.0450952 0.00324139967792
 60.030296 0.0426286666667 0.00351654975056
 70.033316 0.0412982857143 0.00325613005378
 80.033796 0.0403605 0.00298110067236
 90.04914 0.041336 0.00280493554425
 100.031448 0.0403472 0.00269309492146
 110.05508 0.0416865454545 0.00276130151479
 120.03034 0.040741 0.00268821312502
 130.04728 0.041244 0.00252804849777
 140.02962 0.0404137142857 0.00248007372222
 150.027952 0.0395829333333 0.00244993554467
 160.046976 0.040045 0.00233998262547
 170.029616 0.0394315294118 0.00228133614421
 180.041248 0.0395324444444 0.0021568260835
 190.027276 0.0388873684211 0.0021375998711
 200.034416 0.0386638 0.00204237776085
 10.039084 0.039084 0
 20.046016 0.04255 0.00245083210359
 30.039104 0.0414013333333 0.00188393567556
 40.032496 0.039175 0.00239036665598
 50.045724 0.0404848 0.00224261601528
 60.043744 0.041028 0.00193351401455
 70.029296 0.039352 0.00227031483927
 80.025992 0.037682 0.00252716659522
 90.040488 0.0379937777778 0.00226552076578
 100.037064 0.0379008 0.00204087571792
 110.02574 0.0367952727273 0.00213386377953
 120.04936 0.0378423333333 0.00219797045063
 130.033184 0.037484 0.00205789791065
 140.041776 0.0377905714286 0.00193360581455
 150.026368 0.0370290666667 0.0019488888674
 160.025612 0.0363155 0.00195335281871
 170.057296 0.0375496470588 0.00219395101866
 180.033036 0.0372988888889 0.00208634587063
 190.03574 0.0372168421053 0.0019781508045
 200.044872 0.0375996 0.00191591588333
 10.029188 0.029188 0
 20.046724 0.037956 0.00619991225744
 30.051756 0.042556 0.00558485698613
 40.034524 0.040548 0.00453528124817
 50.020104 0.0364592 0.00515156723648
 60.033276 0.0359286666667 0.00432020477052
 70.050336 0.0379868571429 0.004164544983
 80.049656 0.0394455 0.00389104760556
 90.046224 0.0401986666667 0.00353084960922
 100.030052 0.039184 0.00332035867942
 110.043344 0.0395621818182 0.00303996865419
 120.037592 0.039398 0.0027910679557
 130.037956 0.0392870769231 0.00257857364008
 140.047184 0.0398511428571 0.00245530985379
 150.036596 0.0396341333333 0.00230119260649
 160.042656 0.039823 0.00216510465971
 170.056324 0.0407936470588 0.00224480327964
 180.027432 0.0400513333333 0.00223946577073
 190.048584 0.0405004210526 0.00216615973853
 200.021808 0.0395658 0.00225046540031
 10.031192 0.031192 0
 20.022796 0.026994 0.00296843426742
 30.043536 0.032508 0.00491789909977
 40.017936 0.028865 0.00485366467218
 50.043312 0.0317544 0.0046643396926
 60.049428 0.0347 0.00472639867599
 70.030128 0.0340468571429 0.00409607929725
 80.04174 0.0350085 0.00369522877759
 90.038928 0.035444 0.0033102111827
 100.024376 0.0343372 0.00315880975306
 110.047252 0.0355112727273 0.00308212260521
 120.045232 0.0363213333333 0.00292979807167
 130.037448 0.036408 0.00270571053351
 140.022056 0.0353828571429 0.00269967306951
 150.031156 0.0351010666667 0.00253435876697
 160.031216 0.03485825 0.00238756512918
 170.023984 0.0342185882353 0.00233123301212
 180.037532 0.0344026666667 0.00220897569693
 190.020188 0.0336545263158 0.00221578574743
 200.044832 0.0342134 0.00217433504824
 10.035692 0.035692 0
 20.02882 0.032256 0.00242961890016
 30.039036 0.034516 0.00245532962259
 40.038544 0.035523 0.00203755950833
 50.036556 0.0357296 0.00164048835656
 60.040636 0.0365473333333 0.00155760397667
 70.037944 0.0367468571429 0.00134780770488
 80.029684 0.035864 0.00143973278771
 90.027536 0.0349386666667 0.00154883691926
 100.036628 0.0351076 0.00140313585372
 110.03914 0.0354741818182 0.00132259783071
 120.034636 0.0354043333333 0.00121422434851
 130.04102 0.0358363076923 0.0011951949131
 140.020056 0.0347091428571 0.00155288747131
 150.034144 0.0346714666667 0.00144981861813
 160.034532 0.03466275 0.00135923115762
 170.028436 0.0342964705882 0.00132771114057
 180.044924 0.0348868888889 0.00137899114333
 190.03458 0.0348707368421 0.00130650725269
 200.030544 0.0346544 0.001258965461
 10.036444 0.036444 0
 20.029432 0.032938 0.00247911637484
 30.017456 0.0277773333333 0.00452620707862
 40.026516 0.027462 0.00340562196963
 50.031764 0.0283224 0.00283109829713
 60.04244 0.0306753333333 0.00319055375433
 70.030424 0.0306394285714 0.00273496237975
 80.040208 0.0318355 0.00264171406832
 90.02058 0.0305848888889 0.00262759297656
 100.02684 0.0302104 0.00239137116818
 110.029616 0.0301563636364 0.00217458421702
 120.013976 0.028808 0.00237488881611
 130.023672 0.0284129230769 0.00222482408443
 140.037244 0.0290437142857 0.00215347451435
 150.018496 0.0283405333333 0.0021216115591
 160.039048 0.02900975 0.00209189492353
 170.031872 0.0291781176471 0.00197560625688
 180.024484 0.0289173333333 0.00188298373681
 190.044364 0.0297303157895 0.00195150700636
 200.032556 0.0298716 0.00185903893235
 10.014748 0.014748 0
 20.03368 0.024214 0.00669347279071
 30.025252 0.02456 0.00447124899279
 40.031716 0.026349 0.00369403962486
 50.015476 0.0241744 0.00353786694606
 60.026156 0.0245046666667 0.00296359787596
 70.023592 0.0243742857143 0.00254309313282
 80.028284 0.024863 0.00227168007761
 90.034436 0.0259266666667 0.0022545805008
 100.025504 0.0258844 0.00202951859908
 110.042056 0.0273545454545 0.00231709531888
 120.026544 0.027287 0.00212498832023
 130.027836 0.0273292307692 0.00196194727008
 140.029952 0.0275165714286 0.00183073063845
 150.02808 0.0275541333333 0.00170906722283
 160.041392 0.028419 0.00180788590279
 170.02556 0.0282508235294 0.00170934398521
 180.028308 0.028254 0.00161438338188
 190.042708 0.0290147368421 0.00169922757887
 200.02258 0.028693 0.0016444434408
 10.023156 0.023156 0
 20.015192 0.019174 0.00281569920268
 30.030124 0.022824 0.00352211502115
 40.026064 0.023634 0.00273313976957
 50.022052 0.0233176 0.00220474966561
 60.036436 0.025504 0.00271279568793
 70.026056 0.0255828571429 0.0023263992974
 80.024252 0.0254165 0.00204153868902
 90.020868 0.0249111111111 0.00187621376315
 100.021344 0.0245544 0.00172216804755
 110.034904 0.0254952727273 0.00180440883884
 120.028452 0.0257416666667 0.00167077942279
 130.019648 0.0252729230769 0.00160666688852
 140.025764 0.025308 0.00149228782035
 150.03484 0.0259434666667 0.00152210183881
 160.026628 0.02598625 0.00142757162556
 170.038212 0.0267054117647 0.00151394283707
 180.021956 0.0264415555556 0.00145264591758
 190.023928 0.0263092631579 0.00138220167388
 200.028328 0.0264102 0.00131677194609
 10.909524 0.909524 0
 20.965508 0.937516 0.019793333019
 30.978652 0.951228 0.0173051623383
 40.840676 0.92359 0.0272276586397
 50.885592 0.9159904 0.0228180671602
 60.965536 0.924248 0.0204547219868
 70.911344 0.922404571429 0.0176154900931
 80.794632 0.906433 0.0214658414434
 90.94032 0.910198222222 0.0194081588455
 100.962708 0.9154492 0.0181637980878
 110.93618 0.917333818182 0.0166100269736
 120.855364 0.912169666667 0.0160085240659
 130.697804 0.89568 0.0216646181727
 140.744068 0.884850571429 0.0226627264372
 150.964376 0.890152266667 0.0217631810827
 160.957088 0.89433575 0.0208011868005
 170.955284 0.897920941176 0.0198841504026
 180.933976 0.899924 0.0188800963379
 190.857576 0.897695157895 0.0180174869138
 200.952688 0.9004448 0.0173251531286
 10.75076 0.75076 0
 20.745156 0.747958 0.00198131320089
 30.861348 0.785754666667 0.0308891035708
 40.918492 0.818939 0.0369134377802
 50.791604 0.813472 0.0299328528543
 60.878568 0.824321333333 0.0268383189019
 70.694928 0.805836571429 0.0286717747739
 80.694228 0.7918855 0.0282789886748
 90.824392 0.795497333333 0.0253664844769
 100.801768 0.7961244 0.0228375853466
 110.868656 0.802718181818 0.0216924608718
 120.897936 0.810653 0.0212865702844
 130.518688 0.788194153846 0.0291837037013
 140.844824 0.792239142857 0.0273780449152
 150.913408 0.800317066667 0.0267179788363
 160.811012 0.8009855 0.0250564652332
 170.789144 0.800288941176 0.0235922355429
 180.919808 0.806928888889 0.0231971388414
 190.909888 0.812347789474 0.0226003090283
 200.880732 0.815767 0.0217274010611
 10.5272 0.5272 0
 20.82826 0.67773 0.106440783772
 30.78988 0.715113333333 0.0772468219171
 40.638036 0.695844 0.0602906138798
 50.500064 0.656688 0.0596064347775
 60.69542 0.663143333333 0.0500203615556
 70.645316 0.660596571429 0.0429393802332
 80.685424 0.6637 0.0376839404256
 90.698384 0.667553777778 0.0336933145091
 100.55808 0.6566064 0.0320531514941
 110.534428 0.645499272727 0.0310039936721
 120.425008 0.627125 0.0334244584669
 130.758976 0.637267384615 0.0323555871797
 140.630332 0.636772 0.0300482658972
 150.775332 0.646009333333 0.029430672756
 160.742204 0.6520215 0.0281986596376
 170.764968 0.658665411765 0.0273113911526
 180.501936 0.649958222222 0.0271466086411
 190.814436 0.658614947368 0.0270629270466
 200.692336 0.660301 0.0257622487013
 10.77516 0.77516 0
 20.611832 0.693496 0.0577451681788
 30.525612 0.637534666667 0.0597476571021
 40.210264 0.530717 0.102788681803
 50.236836 0.4719408 0.097599394145
 60.56438 0.487347333333 0.0825398694096
 70.657816 0.5117 0.0742541253188
 80.400088 0.4977485 0.0662700635824
 90.607164 0.509905777778 0.0600114929276
 100.53322 0.5122372 0.0540556120692
 110.47314 0.508682909091 0.0492581786508
 120.650412 0.520493666667 0.0465477469259
 130.415208 0.512394769231 0.0436660354997
 140.622736 0.520276285714 0.0412521897926
 150.36976 0.510241866667 0.0397037064415
 160.506604 0.5100145 0.0372228758005
 170.416568 0.504517647059 0.0354368419271
 180.674376 0.513954222222 0.0347018358489
 190.514844 0.514001052632 0.0328754550348
 200.564804 0.5165412 0.0313296618151
 10.3787 0.3787 0
 20.34994 0.36432 0.0101681955135
 30.423496 0.384045333333 0.0174741124418
 40.356896 0.377258 0.0143634000501
 50.378244 0.3774552 0.0114920736733
 60.4616 0.391479333333 0.0159878281873
 70.45056 0.399919428571 0.0157751174036
 80.364072 0.3954385 0.0144256014249
 90.443568 0.400786222222 0.0137783763613
 100.412784 0.401986 0.012452665607
 110.38952 0.400852727273 0.0113720557356
 120.179764 0.382428666667 0.0204896713592
 130.580044 0.397629846154 0.0238960853029
 140.392828 0.397286857143 0.0221916834521
 150.507852 0.404657866667 0.0219022021951
 160.3469 0.401048 0.0208286748978
 170.394252 0.400648235294 0.0196072946936
 180.468656 0.404426444444 0.0188785105479
 190.534764 0.411286315789 0.0190905977881
 200.370752 0.4092596 0.0182433318468
 10.467056 0.467056 0
 20.412764 0.43991 0.0191951206821
 30.293852 0.391224 0.0417609203389
 40.258528 0.35805 0.0425014275643
 50.3874 0.36392 0.0344041157538
 60.371628 0.365204666667 0.0286940714809
 70.253636 0.349266285714 0.0286819057103
 80.4287 0.3591955 0.0267602009282
 90.3527 0.358473777778 0.0237965756981
 100.386448 0.3612712 0.0215807181552
 10.909524 0.909524 0
 20.965508 0.937516 0.019793333019
 30.978652 0.951228 0.0173051623383
 40.840676 0.92359 0.0272276586397
 50.885592 0.9159904 0.0228180671602
 60.965536 0.924248 0.0204547219868
 70.911344 0.922404571429 0.0176154900931
 80.794632 0.906433 0.0214658414434
 90.94032 0.910198222222 0.0194081588455
 100.962708 0.9154492 0.0181637980878
 110.93618 0.917333818182 0.0166100269736
 120.855364 0.912169666667 0.0160085240659
 130.697804 0.89568 0.0216646181727
 140.744068 0.884850571429 0.0226627264372
 150.964376 0.890152266667 0.0217631810827
 160.957088 0.89433575 0.0208011868005
 170.955284 0.897920941176 0.0198841504026
 180.933976 0.899924 0.0188800963379
 190.857576 0.897695157895 0.0180174869138
 200.952688 0.9004448 0.0173251531286
 10.75076 0.75076 0
 20.745156 0.747958 0.00198131320089
 30.861348 0.785754666667 0.0308891035708
 40.918492 0.818939 0.0369134377802
 50.791604 0.813472 0.0299328528543
 60.878568 0.824321333333 0.0268383189019
 70.694928 0.805836571429 0.0286717747739
 80.694228 0.7918855 0.0282789886748
 90.824392 0.795497333333 0.0253664844769
 100.801768 0.7961244 0.0228375853466
 110.868656 0.802718181818 0.0216924608718
 120.897936 0.810653 0.0212865702844
 130.518688 0.788194153846 0.0291837037013
 140.844824 0.792239142857 0.0273780449152
 150.913408 0.800317066667 0.0267179788363
 160.811012 0.8009855 0.0250564652332
 170.789144 0.800288941176 0.0235922355429
 180.919808 0.806928888889 0.0231971388414
 190.909888 0.812347789474 0.0226003090283
 200.880732 0.815767 0.0217274010611
 10.5272 0.5272 0
 20.82826 0.67773 0.106440783772
 30.78988 0.715113333333 0.0772468219171
 40.638036 0.695844 0.0602906138798
 50.500064 0.656688 0.0596064347775
 60.69542 0.663143333333 0.0500203615556
 70.645316 0.660596571429 0.0429393802332
 80.685424 0.6637 0.0376839404256
 90.698384 0.667553777778 0.0336933145091
 100.55808 0.6566064 0.0320531514941
 110.534428 0.645499272727 0.0310039936721
 120.425008 0.627125 0.0334244584669
 130.758976 0.637267384615 0.0323555871797
 140.630332 0.636772 0.0300482658972
 150.775332 0.646009333333 0.029430672756
 160.742204 0.6520215 0.0281986596376
 170.764968 0.658665411765 0.0273113911526
 180.501936 0.649958222222 0.0271466086411
 190.814436 0.658614947368 0.0270629270466
 200.692336 0.660301 0.0257622487013
 10.77516 0.77516 0
 20.611832 0.693496 0.0577451681788
 30.525612 0.637534666667 0.0597476571021
 40.210264 0.530717 0.102788681803
 50.236836 0.4719408 0.097599394145
 60.56438 0.487347333333 0.0825398694096
 70.657816 0.5117 0.0742541253188
 80.400088 0.4977485 0.0662700635824
 90.607164 0.509905777778 0.0600114929276
 100.53322 0.5122372 0.0540556120692
 110.47314 0.508682909091 0.0492581786508
 120.650412 0.520493666667 0.0465477469259
 130.415208 0.512394769231 0.0436660354997
 140.622736 0.520276285714 0.0412521897926
 150.36976 0.510241866667 0.0397037064415
 160.506604 0.5100145 0.0372228758005
 170.416568 0.504517647059 0.0354368419271
 180.674376 0.513954222222 0.0347018358489
 190.514844 0.514001052632 0.0328754550348
 200.564804 0.5165412 0.0313296618151
 10.3787 0.3787 0
 20.34994 0.36432 0.0101681955135
 30.423496 0.384045333333 0.0174741124418
 40.356896 0.377258 0.0143634000501
 50.378244 0.3774552 0.0114920736733
 60.4616 0.391479333333 0.0159878281873
 70.45056 0.399919428571 0.0157751174036
 80.364072 0.3954385 0.0144256014249
 90.443568 0.400786222222 0.0137783763613
 100.412784 0.401986 0.012452665607
 110.38952 0.400852727273 0.0113720557356
 120.179764 0.382428666667 0.0204896713592
 130.580044 0.397629846154 0.0238960853029
 140.392828 0.397286857143 0.0221916834521
 150.507852 0.404657866667 0.0219022021951
 160.3469 0.401048 0.0208286748978
 170.394252 0.400648235294 0.0196072946936
 180.468656 0.404426444444 0.0188785105479
 190.534764 0.411286315789 0.0190905977881
 200.370752 0.4092596 0.0182433318468
 10.467056 0.467056 0
 20.412764 0.43991 0.0191951206821
 30.293852 0.391224 0.0417609203389
 40.258528 0.35805 0.0425014275643
 50.3874 0.36392 0.0344041157538
 60.371628 0.365204666667 0.0286940714809
 70.253636 0.349266285714 0.0286819057103
 80.4287 0.3591955 0.0267602009282
 90.3527 0.358473777778 0.0237965756981
 100.386448 0.3612712 0.0215807181552
 110.343008 0.359610909091 0.0196825974775
 120.26466 0.351698333333 0.0195683152937
 130.35656 0.352072307692 0.0180666334707
 140.351192 0.352009428571 0.0167762690732
 150.301372 0.3486336 0.0159938979866
 160.346856 0.3485225 0.01499466523
 170.347444 0.348459058824 0.0141127603053
 180.302328 0.345896222222 0.0135594233115
 190.346268 0.345915789474 0.0128457835715
 200.346668 0.3459534 0.0122035494518
 10.203004 0.203004 0
 20.277672 0.240338 0.0263991245688
 30.358116 0.279597333333 0.0365686973527
 40.252832 0.272906 0.0280320284853
 50.164532 0.2512312 0.0296436522964
 60.251456 0.251268666667 0.0247030672574
 70.257176 0.252112571429 0.021188467459
 80.123564 0.236044 0.0238673907455
 90.31908 0.245270222222 0.022929472794
 100.275532 0.2482964 0.0208352624669
 110.298456 0.252856363636 0.0194337347756
 120.314788 0.258017333333 0.0184868526877
 130.29184 0.260619076923 0.0172468933632
 140.3222 0.265017714286 0.0165663922185
 150.231732 0.262798666667 0.0156098779287
 160.332524 0.2671565 0.0152304095147
 170.3033 0.269282588235 0.0144821383916
 180.366592 0.274688666667 0.0146518973793
 190.374948 0.279965473684 0.0148004817746
 200.354368 0.2836856 0.0145204629111
 10.232892 0.232892 0
 20.32064 0.276766 0.0310236029178
 30.25232 0.268617333333 0.021726226759
 40.212984 0.254709 0.0202632074152
 50.290112 0.2617896 0.0174037457154
 60.2664 0.262558 0.0145200744948
 70.266024 0.263053142857 0.0124542176045
 80.260156 0.262691 0.0109027043148
 90.231548 0.259230666667 0.010225684689
 100.330304 0.266338 0.0114087736659
 110.148136 0.255592363636 0.0145788164986
 120.219668 0.252598666667 0.0136678307418
 130.336244 0.259032923077 0.0140495589985
 140.259472 0.259064285714 0.0130460540752
 150.24544 0.258156 0.012207894294
 160.263668 0.2585005 0.0114497606682
 170.24802 0.257884 0.0107928299613
 180.286284 0.259461777778 0.0103079089435
 190.21658 0.257204842105 0.0100094184415
 200.248536 0.2567714 0.00951832765679
 10.231712 0.231712 0
 20.131016 0.181364 0.0356014122192
 30.24346 0.202062666667 0.0291365578282
 40.197708 0.200974 0.0218727475412
 50.202588 0.2012968 0.0175005798267
 60.214436 0.203486666667 0.0147201891192
 70.204212 0.203590285714 0.012617669654
 80.187036 0.201521 0.0112088571396
 90.225452 0.20418 0.0102739769837
 100.25594 0.209356 0.0104695323143
 110.191488 0.207731636364 0.00964294457212
 120.234572 0.209968333333 0.00909507014765
 130.175616 0.207325846154 0.00877092782084
 140.222584 0.208415714286 0.00821186685841
 150.178432 0.2064168 0.00790395138267
 160.255476 0.209483 0.00798256901395
 170.230256 0.210704941176 0.00760595619111
 180.157264 0.207736 0.00774120085749
 190.210356 0.207873894737 0.00733499729653
 200.211592 0.2080598 0.00697060291496
 10.120452 0.120452 0
 20.170248 0.14535 0.017605544638
 30.153112 0.147937333333 0.0119256333196
 40.182312 0.156531 0.0116356130371
 50.235288 0.1722824 0.0168858898388
 60.177852 0.173210666667 0.0140970665401
 70.181072 0.174333714286 0.0121278513764
 80.157804 0.1722675 0.0107864438171
 90.197664 0.175089333333 0.00995021509539
 100.17564 0.1751444 0.00895534596004
 110.180648 0.175644727273 0.00815518804511
 120.143424 0.172959666667 0.00790526318992
 130.1116 0.168239692308 0.00859145420965
 140.1942 0.170094 0.0081754393928
 150.225308 0.173774933333 0.00841838130625
 160.176752 0.173961 0.00789428846936
 170.13938 0.171926823529 0.00768753272285
 180.152812 0.170864888889 0.00733342715466
 190.213696 0.173119157895 0.00728570053869
 200.189024 0.1739144 0.00696468105458
 10.161384 0.161384 0
 20.119784 0.140584 0.0147078210487
 30.133464 0.138210666667 0.00999486683068
 40.141344 0.138994 0.00752678384172
 50.194468 0.1500888 0.0116074654267
 60.15232 0.150460666667 0.00967884274151
 70.126744 0.147072571429 0.00886935314775
 80.113128 0.1428295 0.00871673186858
 90.137552 0.142243111111 0.00776790473751
 100.153764 0.1433952 0.00707603395809
 110.136156 0.142737090909 0.00646328952586
 120.156904 0.143917666667 0.00603153961289
 130.185476 0.147114461538 0.00635855910943
 140.155432 0.147708571429 0.00593206661662
 150.18202 0.149996 0.00596132513233
 160.176524 0.151654 0.00581473940732
 170.118596 0.149709411765 0.00578872933273
 180.135872 0.148940666667 0.00551794196068
 190.163284 0.149695578947 0.00527891134496
 200.134628 0.1489422 0.00506843985838
 10.118316 0.118316 0
 20.148844 0.13358 0.010793277908
 30.159444 0.142201333333 0.0100661353208
 40.166996 0.1484 0.00926358915324
 50.161864 0.1510928 0.00779242909701
 60.152256 0.151286666667 0.0064961020563
 70.139392 0.149587428571 0.0057860626592
 80.11642 0.1454415 0.00637747018564
 90.102412 0.140660444444 0.00724255897603
 100.12434 0.1390284 0.00669966321422
 110.129676 0.138178181818 0.00614431439372
 120.149128 0.139090666667 0.0056996414962
 130.154264 0.140257846154 0.00537938841891
 140.106096 0.137817714286 0.00552090824699
 150.13738 0.137788533333 0.00515292481509
 160.140024 0.13792825 0.00483276078537
 170.133344 0.137658588235 0.00455599791526
 180.108884 0.13606 0.00457475123253
 190.14956 0.136770526316 0.00438880561581
 200.072284 0.1335462 0.0052211180295
 10.12318 0.12318 0
 20.067476 0.095328 0.0196943380696
 30.099684 0.09678 0.0131829756884
 40.09622 0.09664 0.00988797512133
 50.103548 0.0980216 0.0080063205112
 60.135364 0.104245333333 0.00876320416624
 70.075384 0.100122285714 0.00842561063181
 80.09892 0.099972 0.0073737494872
 90.10428 0.100450666667 0.00656996193311
 100.130832 0.1034888 0.00657802345511
 110.078648 0.101230545455 0.00635584441967
 120.13968 0.104434666667 0.00658447858955
 130.14186 0.107313538462 0.00667774030502
 140.133536 0.109186571429 0.00645810137775
 150.138052 0.111110933333 0.00630775600984
 160.1542 0.113804 0.00646289824692
 170.108224 0.113475764706 0.00609105720537
 180.06998 0.111059333333 0.00621352557523
 190.135804 0.112361684211 0.00602143721492
 200.119816 0.1127344 0.00573188895496
 10.083956 0.083956 0
 20.112124 0.09804 0.00995889190623
 30.097092 0.097724 0.00664427278857
 40.087568 0.095185 0.00544676222631
 50.071596 0.0904672 0.00606573404231
 60.094776 0.0911853333333 0.0050971116585
 70.080096 0.0896011428571 0.0046085665549
 80.090332 0.0896925 0.00403340113536
 90.043784 0.0845915555556 0.00599854555028
 100.09698 0.0858304 0.00552513587742
 110.082172 0.0854978181818 0.00503285061235
 120.12484 0.0887763333333 0.00558003830051
 130.1001 0.0896473846154 0.00521834785519
 140.078032 0.0888177142857 0.00491112091971
 150.080888 0.0882890666667 0.00461207769373
 160.089296 0.088352 0.00432425218969
 170.107584 0.0894832941176 0.00421527005277
 180.065968 0.0881768888889 0.00417862931695
 190.086536 0.0880905263158 0.00395959381459
 200.071488 0.0872604 0.00384764798702
 10.102444 0.102444 0
 20.10218 0.102312 9.33380951114e-05
 30.096544 0.100389333333 0.00157108351382
 40.073176 0.093586 0.00600852968704
 50.094832 0.0938352 0.00481198868162
 60.099684 0.09481 0.00410754024799
 70.094404 0.094752 0.003521158251
 80.1174 0.097583 0.00406268198054
 90.070132 0.0945328888889 0.00461636037611
 100.076316 0.0927112 0.0044998255184
 110.089628 0.0924309090909 0.00409947073676
 120.091828 0.0923806666667 0.00375815604411
 130.089676 0.0921726153846 0.00347482119848
 140.075012 0.0909468571429 0.00343602060835
 150.06604 0.0892864 0.00358578510703
 160.093432 0.0895455 0.00337102150459
 170.098608 0.0900785882353 0.00321460066892
 180.081244 0.0895877777778 0.00307325221187
 190.097524 0.0900054736842 0.00293975027806
 200.060752 0.0885428 0.00313559682485
 10.077172 0.077172 0
 20.088612 0.082892 0.00404465078839
 30.072948 0.0795773333333 0.0038203968768
 40.051216 0.072487 0.00677602765269
 50.038272 0.065644 0.00817597894322
 60.060884 0.0648506666667 0.00685169712418
 70.07256 0.065952 0.00596073957882
 80.071076 0.0665925 0.00524994621103
 90.056336 0.0654528888889 0.00478871000554
 100.052496 0.0641572 0.00448170067898
 110.082148 0.0657927272727 0.0043625079395
 120.065176 0.0657413333333 0.00399926833123
 130.104984 0.06876 0.00469462966004
 140.091544 0.0703874285714 0.00463279947732
 150.061992 0.0698277333333 0.00435762382494
 160.045492 0.06830675 0.00434260906194
 170.084796 0.0692767058824 0.0041940864645
 180.065588 0.0690717777778 0.0039660850177
 190.053056 0.0682288421053 0.00384587771053
 200.094244 0.0695296 0.00386730491583
 10.072416 0.072416 0
 20.07878 0.075598 0.00225001377774
 30.054212 0.0684693333333 0.00601070876452
 40.074364 0.069943 0.00468520210343
 50.064432 0.0688408 0.00387564083372
 60.080016 0.0707033333333 0.00364990756859
 70.057228 0.0687782857143 0.00360053754328
 80.080032 0.070185 0.00341422800571
 90.083096 0.0716195555556 0.00332260748086
 100.051916 0.0696492 0.00352650598979
 110.066784 0.0693887272727 0.00321551958988
 120.063328 0.0688836666667 0.00298696112605
 130.064276 0.0685292307692 0.00277814416399
 140.071548 0.0687448571429 0.00258805971538
 150.068068 0.0686997333333 0.00241591574442
 160.06984 0.068771 0.00226597190792
 170.084072 0.0696710588235 0.00230451170619
 180.08588 0.0705715555556 0.00234583122521
 190.065076 0.0702823157895 0.00224012701096
 200.072028 0.0703696 0.00212982045065
 10.08458 0.08458 0
 20.083664 0.084122 0.000323854905784
 30.079232 0.082492 0.00134828813274
 40.06554 0.078254 0.0038069726818
 50.067684 0.07614 0.00358479330506
 60.109728 0.081738 0.00591935782928
 70.040832 0.0758942857143 0.00741709904707
 80.06026 0.07394 0.00674250925101
 90.052028 0.0715053333333 0.00641787522241
 100.04994 0.0693488 0.00612770442629
 110.054852 0.0680309090909 0.00571060211825
 120.070776 0.0682596666667 0.00523929843604
 130.078948 0.0690818461538 0.00490036133657
 140.07316 0.0693731428571 0.0045589852152
 150.053852 0.0683384 0.0043709024431
 160.086644 0.0694825 0.00424481710258
 170.061056 0.0689868235294 0.00402395851533
 180.071572 0.0691304444444 0.00380296742017
 190.054644 0.068368 0.00367844729377
 200.051148 0.067507 0.00359387804885
 10.062952 0.062952 0
 20.056632 0.059792 0.00223445742855
 30.026088 0.0485573333333 0.00929323296614
 40.062708 0.052095 0.00761355138881
 50.068144 0.0553048 0.00673354277272
 60.05138 0.0546506666667 0.0056429692473
 70.066164 0.0562954285714 0.00507086882568
 80.063884 0.057244 0.00452486176584
 90.077296 0.059472 0.00453758893937
 100.061872 0.059712 0.00409017210396
 110.047856 0.0586341818182 0.00385773550203
 120.064644 0.059135 0.00356861803706
 130.072376 0.0601535384615 0.00343638950582
 140.0599 0.0601354285714 0.00319098083206
 150.042496 0.0589594666667 0.0031875789794
 160.031796 0.05726175 0.00341062591339
 170.019268 0.0550268235294 0.00387365259372
 180.044668 0.0544513333333 0.00370095171277
 190.057224 0.0545972631579 0.00350904063318
 200.060608 0.0548978 0.003346433809
 10.05196 0.05196 0
 20.079924 0.065942 0.00988676701455
 30.056224 0.0627026666667 0.00710205236899
 40.058592 0.061675 0.00540037913021
 50.05744 0.060828 0.00438622250234
 60.04436 0.0580833333333 0.00443148316448
 70.063496 0.0588565714286 0.00386528566337
 80.026956 0.054869 0.00503506746479
 90.072616 0.0568408888889 0.00484638439354
 100.058928 0.0570496 0.00436623774708
 110.027 0.0543178181818 0.00474758983276
 120.06808 0.0554646666667 0.0044883392334
 130.048788 0.0549510769231 0.00417236331149
 140.090972 0.057524 0.00459973594628
 150.045384 0.0567146666667 0.00436370798765
 160.034032 0.055297 0.0043151192553
 170.066244 0.0559409411765 0.00410905517766
 10.909524 0.909524 0
 20.965508 0.937516 0.019793333019
 30.978652 0.951228 0.0173051623383
 40.840676 0.92359 0.0272276586397
 50.885592 0.9159904 0.0228180671602
 60.965536 0.924248 0.0204547219868
 70.911344 0.922404571429 0.0176154900931
 80.794632 0.906433 0.0214658414434
 90.94032 0.910198222222 0.0194081588455
 100.962708 0.9154492 0.0181637980878
 110.93618 0.917333818182 0.0166100269736
 120.855364 0.912169666667 0.0160085240659
 130.697804 0.89568 0.0216646181727
 140.744068 0.884850571429 0.0226627264372
 150.964376 0.890152266667 0.0217631810827
 160.957088 0.89433575 0.0208011868005
 170.955284 0.897920941176 0.0198841504026
 180.933976 0.899924 0.0188800963379
 190.857576 0.897695157895 0.0180174869138
 200.952688 0.9004448 0.0173251531286
 10.75076 0.75076 0
 20.745156 0.747958 0.00198131320089
 30.861348 0.785754666667 0.0308891035708
 40.918492 0.818939 0.0369134377802
 50.791604 0.813472 0.0299328528543
 60.878568 0.824321333333 0.0268383189019
 70.694928 0.805836571429 0.0286717747739
 80.694228 0.7918855 0.0282789886748
 90.824392 0.795497333333 0.0253664844769
 100.801768 0.7961244 0.0228375853466
 110.868656 0.802718181818 0.0216924608718
 120.897936 0.810653 0.0212865702844
 130.518688 0.788194153846 0.0291837037013
 140.844824 0.792239142857 0.0273780449152
 150.913408 0.800317066667 0.0267179788363
 160.811012 0.8009855 0.0250564652332
 170.789144 0.800288941176 0.0235922355429
 180.919808 0.806928888889 0.0231971388414
 190.909888 0.812347789474 0.0226003090283
 200.880732 0.815767 0.0217274010611
 10.5272 0.5272 0
 20.82826 0.67773 0.106440783772
 30.78988 0.715113333333 0.0772468219171
 40.638036 0.695844 0.0602906138798
 50.500064 0.656688 0.0596064347775
 60.69542 0.663143333333 0.0500203615556
 70.645316 0.660596571429 0.0429393802332
 80.685424 0.6637 0.0376839404256
 90.698384 0.667553777778 0.0336933145091
 100.55808 0.6566064 0.0320531514941
 110.534428 0.645499272727 0.0310039936721
 120.425008 0.627125 0.0334244584669
 130.758976 0.637267384615 0.0323555871797
 140.630332 0.636772 0.0300482658972
 150.775332 0.646009333333 0.029430672756
 160.742204 0.6520215 0.0281986596376
 170.764968 0.658665411765 0.0273113911526
 180.501936 0.649958222222 0.0271466086411
 190.814436 0.658614947368 0.0270629270466
 200.692336 0.660301 0.0257622487013
 10.77516 0.77516 0
 20.611832 0.693496 0.0577451681788
 30.525612 0.637534666667 0.0597476571021
 40.210264 0.530717 0.102788681803
 50.236836 0.4719408 0.097599394145
 60.56438 0.487347333333 0.0825398694096
 70.657816 0.5117 0.0742541253188
 80.400088 0.4977485 0.0662700635824
 90.607164 0.509905777778 0.0600114929276
 100.53322 0.5122372 0.0540556120692
 110.47314 0.508682909091 0.0492581786508
 120.650412 0.520493666667 0.0465477469259
 130.415208 0.512394769231 0.0436660354997
 140.622736 0.520276285714 0.0412521897926
 150.36976 0.510241866667 0.0397037064415
 160.506604 0.5100145 0.0372228758005
 170.416568 0.504517647059 0.0354368419271
 180.674376 0.513954222222 0.0347018358489
 190.514844 0.514001052632 0.0328754550348
 200.564804 0.5165412 0.0313296618151
 10.3787 0.3787 0
 20.34994 0.36432 0.0101681955135
 30.423496 0.384045333333 0.0174741124418
 40.356896 0.377258 0.0143634000501
 50.378244 0.3774552 0.0114920736733
 60.4616 0.391479333333 0.0159878281873
 70.45056 0.399919428571 0.0157751174036
 80.364072 0.3954385 0.0144256014249
 90.443568 0.400786222222 0.0137783763613
 100.412784 0.401986 0.012452665607
 110.38952 0.400852727273 0.0113720557356
 120.179764 0.382428666667 0.0204896713592
 130.580044 0.397629846154 0.0238960853029
 140.392828 0.397286857143 0.0221916834521
 150.507852 0.404657866667 0.0219022021951
 160.3469 0.401048 0.0208286748978
 170.394252 0.400648235294 0.0196072946936
 180.468656 0.404426444444 0.0188785105479
 190.534764 0.411286315789 0.0190905977881
 200.370752 0.4092596 0.0182433318468
 10.467056 0.467056 0
 10.909524 0.909524 0
 20.965508 0.937516 0.019793333019
 30.978652 0.951228 0.0173051623383
 40.840676 0.92359 0.0272276586397
 50.885592 0.9159904 0.0228180671602
 60.965536 0.924248 0.0204547219868
 70.911344 0.922404571429 0.0176154900931
 80.794632 0.906433 0.0214658414434
 90.94032 0.910198222222 0.0194081588455
 100.962708 0.9154492 0.0181637980878
 110.93618 0.917333818182 0.0166100269736
 120.855364 0.912169666667 0.0160085240659
 130.697804 0.89568 0.0216646181727
 140.744068 0.884850571429 0.0226627264372
 150.964376 0.890152266667 0.0217631810827
 160.957088 0.89433575 0.0208011868005
 170.955284 0.897920941176 0.0198841504026
 180.933976 0.899924 0.0188800963379
 190.857576 0.897695157895 0.0180174869138
 200.952688 0.9004448 0.0173251531286
 10.75076 0.75076 0
 20.745156 0.747958 0.00198131320089
 30.861348 0.785754666667 0.0308891035708
 40.918492 0.818939 0.0369134377802
 50.791604 0.813472 0.0299328528543
 60.878568 0.824321333333 0.0268383189019
 70.694928 0.805836571429 0.0286717747739
 80.694228 0.7918855 0.0282789886748
 90.824392 0.795497333333 0.0253664844769
 100.801768 0.7961244 0.0228375853466
 110.868656 0.802718181818 0.0216924608718
 120.897936 0.810653 0.0212865702844
 130.518688 0.788194153846 0.0291837037013
 140.844824 0.792239142857 0.0273780449152
 150.913408 0.800317066667 0.0267179788363
 160.811012 0.8009855 0.0250564652332
 170.789144 0.800288941176 0.0235922355429
 180.919808 0.806928888889 0.0231971388414
 190.909888 0.812347789474 0.0226003090283
 200.880732 0.815767 0.0217274010611
 10.5272 0.5272 0
 20.82826 0.67773 0.106440783772
 30.78988 0.715113333333 0.0772468219171
 40.638036 0.695844 0.0602906138798
 50.500064 0.656688 0.0596064347775
 60.69542 0.663143333333 0.0500203615556
 70.645316 0.660596571429 0.0429393802332
 80.685424 0.6637 0.0376839404256
 90.698384 0.667553777778 0.0336933145091
 100.55808 0.6566064 0.0320531514941
 110.534428 0.645499272727 0.0310039936721
 120.425008 0.627125 0.0334244584669
 130.758976 0.637267384615 0.0323555871797
 140.630332 0.636772 0.0300482658972
 150.775332 0.646009333333 0.029430672756
 160.742204 0.6520215 0.0281986596376
 170.764968 0.658665411765 0.0273113911526
 180.501936 0.649958222222 0.0271466086411
 190.814436 0.658614947368 0.0270629270466
 200.692336 0.660301 0.0257622487013
 10.77516 0.77516 0
 20.611832 0.693496 0.0577451681788
 30.525612 0.637534666667 0.0597476571021
 40.210264 0.530717 0.102788681803
 50.236836 0.4719408 0.097599394145
 60.56438 0.487347333333 0.0825398694096
 70.657816 0.5117 0.0742541253188
 80.400088 0.4977485 0.0662700635824
 90.607164 0.509905777778 0.0600114929276
 100.53322 0.5122372 0.0540556120692
 110.47314 0.508682909091 0.0492581786508
 120.650412 0.520493666667 0.0465477469259
 130.415208 0.512394769231 0.0436660354997
 140.622736 0.520276285714 0.0412521897926
 150.36976 0.510241866667 0.0397037064415
 160.506604 0.5100145 0.0372228758005
 170.416568 0.504517647059 0.0354368419271
 180.674376 0.513954222222 0.0347018358489
 190.514844 0.514001052632 0.0328754550348
 200.564804 0.5165412 0.0313296618151
 10.3787 0.3787 0
 20.34994 0.36432 0.0101681955135
 30.423496 0.384045333333 0.0174741124418
 40.356896 0.377258 0.0143634000501
 50.378244 0.3774552 0.0114920736733
 60.4616 0.391479333333 0.0159878281873
 70.45056 0.399919428571 0.0157751174036
 80.364072 0.3954385 0.0144256014249
 90.443568 0.400786222222 0.0137783763613
 100.412784 0.401986 0.012452665607
 110.38952 0.400852727273 0.0113720557356
 120.179764 0.382428666667 0.0204896713592
 130.580044 0.397629846154 0.0238960853029
 140.392828 0.397286857143 0.0221916834521
 150.507852 0.404657866667 0.0219022021951
 160.3469 0.401048 0.0208286748978
 170.394252 0.400648235294 0.0196072946936
 180.468656 0.404426444444 0.0188785105479
 190.534764 0.411286315789 0.0190905977881
 200.370752 0.4092596 0.0182433318468
 10.467056 0.467056 0
 20.412764 0.43991 0.0191951206821
 30.293852 0.391224 0.0417609203389
 40.258528 0.35805 0.0425014275643
 50.3874 0.36392 0.0344041157538
 60.371628 0.365204666667 0.0286940714809
 70.253636 0.349266285714 0.0286819057103
 80.4287 0.3591955 0.0267602009282
 90.3527 0.358473777778 0.0237965756981
 100.386448 0.3612712 0.0215807181552
 110.343008 0.359610909091 0.0196825974775
 120.26466 0.351698333333 0.0195683152937
 130.35656 0.352072307692 0.0180666334707
 140.351192 0.352009428571 0.0167762690732
 150.301372 0.3486336 0.0159938979866
 160.346856 0.3485225 0.01499466523
 170.347444 0.348459058824 0.0141127603053
 180.302328 0.345896222222 0.0135594233115
 190.346268 0.345915789474 0.0128457835715
 200.346668 0.3459534 0.0122035494518
 10.203004 0.203004 0
 20.277672 0.240338 0.0263991245688
 30.358116 0.279597333333 0.0365686973527
 40.252832 0.272906 0.0280320284853
 50.164532 0.2512312 0.0296436522964
 60.251456 0.251268666667 0.0247030672574
 70.257176 0.252112571429 0.021188467459
 80.123564 0.236044 0.0238673907455
 90.31908 0.245270222222 0.022929472794
 100.275532 0.2482964 0.0208352624669
 110.298456 0.252856363636 0.0194337347756
 120.314788 0.258017333333 0.0184868526877
 130.29184 0.260619076923 0.0172468933632
 140.3222 0.265017714286 0.0165663922185
 150.231732 0.262798666667 0.0156098779287
 160.332524 0.2671565 0.0152304095147
 170.3033 0.269282588235 0.0144821383916
 180.366592 0.274688666667 0.0146518973793
 190.374948 0.279965473684 0.0148004817746
 200.354368 0.2836856 0.0145204629111
 10.232892 0.232892 0
 20.32064 0.276766 0.0310236029178
 30.25232 0.268617333333 0.021726226759
 40.212984 0.254709 0.0202632074152
 50.290112 0.2617896 0.0174037457154
 60.2664 0.262558 0.0145200744948
 70.266024 0.263053142857 0.0124542176045
 80.260156 0.262691 0.0109027043148
 90.231548 0.259230666667 0.010225684689
 100.330304 0.266338 0.0114087736659
 110.148136 0.255592363636 0.0145788164986
 120.219668 0.252598666667 0.0136678307418
 130.336244 0.259032923077 0.0140495589985
 140.259472 0.259064285714 0.0130460540752
 150.24544 0.258156 0.012207894294
 160.263668 0.2585005 0.0114497606682
 170.24802 0.257884 0.0107928299613
 180.286284 0.259461777778 0.0103079089435
 190.21658 0.257204842105 0.0100094184415
 200.248536 0.2567714 0.00951832765679
 10.231712 0.231712 0
 20.131016 0.181364 0.0356014122192
 30.24346 0.202062666667 0.0291365578282
 40.197708 0.200974 0.0218727475412
 50.202588 0.2012968 0.0175005798267
 60.214436 0.203486666667 0.0147201891192
 70.204212 0.203590285714 0.012617669654
 80.187036 0.201521 0.0112088571396
 90.225452 0.20418 0.0102739769837
 100.25594 0.209356 0.0104695323143
 110.191488 0.207731636364 0.00964294457212
 120.234572 0.209968333333 0.00909507014765
 130.175616 0.207325846154 0.00877092782084
 140.222584 0.208415714286 0.00821186685841
 150.178432 0.2064168 0.00790395138267
 160.255476 0.209483 0.00798256901395
 170.230256 0.210704941176 0.00760595619111
 180.157264 0.207736 0.00774120085749
 190.210356 0.207873894737 0.00733499729653
 200.211592 0.2080598 0.00697060291496
 10.120452 0.120452 0
 20.170248 0.14535 0.017605544638
 30.153112 0.147937333333 0.0119256333196
 40.182312 0.156531 0.0116356130371
 50.235288 0.1722824 0.0168858898388
 60.177852 0.173210666667 0.0140970665401
 70.181072 0.174333714286 0.0121278513764
 80.157804 0.1722675 0.0107864438171
 90.197664 0.175089333333 0.00995021509539
 100.17564 0.1751444 0.00895534596004
 110.180648 0.175644727273 0.00815518804511
 120.143424 0.172959666667 0.00790526318992
 130.1116 0.168239692308 0.00859145420965
 140.1942 0.170094 0.0081754393928
 150.225308 0.173774933333 0.00841838130625
 160.176752 0.173961 0.00789428846936
 170.13938 0.171926823529 0.00768753272285
 180.152812 0.170864888889 0.00733342715466
 190.213696 0.173119157895 0.00728570053869
 200.189024 0.1739144 0.00696468105458
 10.161384 0.161384 0
 20.119784 0.140584 0.0147078210487
 30.133464 0.138210666667 0.00999486683068
 40.141344 0.138994 0.00752678384172
 50.194468 0.1500888 0.0116074654267
 60.15232 0.150460666667 0.00967884274151
 70.126744 0.147072571429 0.00886935314775
 80.113128 0.1428295 0.00871673186858
 90.137552 0.142243111111 0.00776790473751
 100.153764 0.1433952 0.00707603395809
 110.136156 0.142737090909 0.00646328952586
 120.156904 0.143917666667 0.00603153961289
 130.185476 0.147114461538 0.00635855910943
 140.155432 0.147708571429 0.00593206661662
 150.18202 0.149996 0.00596132513233
 160.176524 0.151654 0.00581473940732
 170.118596 0.149709411765 0.00578872933273
 180.135872 0.148940666667 0.00551794196068
 190.163284 0.149695578947 0.00527891134496
 200.134628 0.1489422 0.00506843985838
 10.118316 0.118316 0
 20.148844 0.13358 0.010793277908
 30.159444 0.142201333333 0.0100661353208
 40.166996 0.1484 0.00926358915324
 50.161864 0.1510928 0.00779242909701
 60.152256 0.151286666667 0.0064961020563
 70.139392 0.149587428571 0.0057860626592
 80.11642 0.1454415 0.00637747018564
 90.102412 0.140660444444 0.00724255897603
 100.12434 0.1390284 0.00669966321422
 110.129676 0.138178181818 0.00614431439372
 120.149128 0.139090666667 0.0056996414962
 130.154264 0.140257846154 0.00537938841891
 140.106096 0.137817714286 0.00552090824699
 150.13738 0.137788533333 0.00515292481509
 160.140024 0.13792825 0.00483276078537
 170.133344 0.137658588235 0.00455599791526
 180.108884 0.13606 0.00457475123253
 190.14956 0.136770526316 0.00438880561581
 200.072284 0.1335462 0.0052211180295
 10.12318 0.12318 0
 20.067476 0.095328 0.0196943380696
 30.099684 0.09678 0.0131829756884
 40.09622 0.09664 0.00988797512133
 50.103548 0.0980216 0.0080063205112
 60.135364 0.104245333333 0.00876320416624
 70.075384 0.100122285714 0.00842561063181
 80.09892 0.099972 0.0073737494872
 90.10428 0.100450666667 0.00656996193311
 100.130832 0.1034888 0.00657802345511
 110.078648 0.101230545455 0.00635584441967
 120.13968 0.104434666667 0.00658447858955
 130.14186 0.107313538462 0.00667774030502
 140.133536 0.109186571429 0.00645810137775
 150.138052 0.111110933333 0.00630775600984
 160.1542 0.113804 0.00646289824692
 170.108224 0.113475764706 0.00609105720537
 180.06998 0.111059333333 0.00621352557523
 190.135804 0.112361684211 0.00602143721492
 200.119816 0.1127344 0.00573188895496
 10.083956 0.083956 0
 20.112124 0.09804 0.00995889190623
 30.097092 0.097724 0.00664427278857
 40.087568 0.095185 0.00544676222631
 50.071596 0.0904672 0.00606573404231
 60.094776 0.0911853333333 0.0050971116585
 70.080096 0.0896011428571 0.0046085665549
 80.090332 0.0896925 0.00403340113536
 90.043784 0.0845915555556 0.00599854555028
 100.09698 0.0858304 0.00552513587742
 110.082172 0.0854978181818 0.00503285061235
 120.12484 0.0887763333333 0.00558003830051
 130.1001 0.0896473846154 0.00521834785519
 140.078032 0.0888177142857 0.00491112091971
 150.080888 0.0882890666667 0.00461207769373
 160.089296 0.088352 0.00432425218969
 170.107584 0.0894832941176 0.00421527005277
 180.065968 0.0881768888889 0.00417862931695
 190.086536 0.0880905263158 0.00395959381459
 200.071488 0.0872604 0.00384764798702
 10.102444 0.102444 0
 20.10218 0.102312 9.33380951114e-05
 30.096544 0.100389333333 0.00157108351382
 40.073176 0.093586 0.00600852968704
 50.094832 0.0938352 0.00481198868162
 60.099684 0.09481 0.00410754024799
 70.094404 0.094752 0.003521158251
 80.1174 0.097583 0.00406268198054
 90.070132 0.0945328888889 0.00461636037611
 100.076316 0.0927112 0.0044998255184
 110.089628 0.0924309090909 0.00409947073676
 120.091828 0.0923806666667 0.00375815604411
 130.089676 0.0921726153846 0.00347482119848
 140.075012 0.0909468571429 0.00343602060835
 150.06604 0.0892864 0.00358578510703
 160.093432 0.0895455 0.00337102150459
 170.098608 0.0900785882353 0.00321460066892
 180.081244 0.0895877777778 0.00307325221187
 190.097524 0.0900054736842 0.00293975027806
 200.060752 0.0885428 0.00313559682485
 10.077172 0.077172 0
 20.088612 0.082892 0.00404465078839
 30.072948 0.0795773333333 0.0038203968768
 40.051216 0.072487 0.00677602765269
 50.038272 0.065644 0.00817597894322
 60.060884 0.0648506666667 0.00685169712418
 70.07256 0.065952 0.00596073957882
 80.071076 0.0665925 0.00524994621103
 90.056336 0.0654528888889 0.00478871000554
 100.052496 0.0641572 0.00448170067898
 110.082148 0.0657927272727 0.0043625079395
 120.065176 0.0657413333333 0.00399926833123
 130.104984 0.06876 0.00469462966004
 140.091544 0.0703874285714 0.00463279947732
 150.061992 0.0698277333333 0.00435762382494
 160.045492 0.06830675 0.00434260906194
 170.084796 0.0692767058824 0.0041940864645
 180.065588 0.0690717777778 0.0039660850177
 190.053056 0.0682288421053 0.00384587771053
 200.094244 0.0695296 0.00386730491583
 10.072416 0.072416 0
 20.07878 0.075598 0.00225001377774
 30.054212 0.0684693333333 0.00601070876452
 40.074364 0.069943 0.00468520210343
 50.064432 0.0688408 0.00387564083372
 60.080016 0.0707033333333 0.00364990756859
 70.057228 0.0687782857143 0.00360053754328
 80.080032 0.070185 0.00341422800571
 90.083096 0.0716195555556 0.00332260748086
 100.051916 0.0696492 0.00352650598979
 110.066784 0.0693887272727 0.00321551958988
 120.063328 0.0688836666667 0.00298696112605
 130.064276 0.0685292307692 0.00277814416399
 140.071548 0.0687448571429 0.00258805971538
 150.068068 0.0686997333333 0.00241591574442
 160.06984 0.068771 0.00226597190792
 170.084072 0.0696710588235 0.00230451170619
 180.08588 0.0705715555556 0.00234583122521
 190.065076 0.0702823157895 0.00224012701096
 200.072028 0.0703696 0.00212982045065
 10.08458 0.08458 0
 20.083664 0.084122 0.000323854905784
 30.079232 0.082492 0.00134828813274
 40.06554 0.078254 0.0038069726818
 50.067684 0.07614 0.00358479330506
 60.109728 0.081738 0.00591935782928
 70.040832 0.0758942857143 0.00741709904707
 80.06026 0.07394 0.00674250925101
 90.052028 0.0715053333333 0.00641787522241
 100.04994 0.0693488 0.00612770442629
 110.054852 0.0680309090909 0.00571060211825
 120.070776 0.0682596666667 0.00523929843604
 130.078948 0.0690818461538 0.00490036133657
 140.07316 0.0693731428571 0.0045589852152
 150.053852 0.0683384 0.0043709024431
 160.086644 0.0694825 0.00424481710258
 170.061056 0.0689868235294 0.00402395851533
 180.071572 0.0691304444444 0.00380296742017
 190.054644 0.068368 0.00367844729377
 200.051148 0.067507 0.00359387804885
 10.062952 0.062952 0
 20.056632 0.059792 0.00223445742855
 30.026088 0.0485573333333 0.00929323296614
 40.062708 0.052095 0.00761355138881
 50.068144 0.0553048 0.00673354277272
 60.05138 0.0546506666667 0.0056429692473
 70.066164 0.0562954285714 0.00507086882568
 80.063884 0.057244 0.00452486176584
 90.077296 0.059472 0.00453758893937
 100.061872 0.059712 0.00409017210396
 110.047856 0.0586341818182 0.00385773550203
 120.064644 0.059135 0.00356861803706
 130.072376 0.0601535384615 0.00343638950582
 140.0599 0.0601354285714 0.00319098083206
 150.042496 0.0589594666667 0.0031875789794
 160.031796 0.05726175 0.00341062591339
 170.019268 0.0550268235294 0.00387365259372
 180.044668 0.0544513333333 0.00370095171277
 190.057224 0.0545972631579 0.00350904063318
 200.060608 0.0548978 0.003346433809
 10.05196 0.05196 0
 20.079924 0.065942 0.00988676701455
 30.056224 0.0627026666667 0.00710205236899
 40.058592 0.061675 0.00540037913021
 50.05744 0.060828 0.00438622250234
 60.04436 0.0580833333333 0.00443148316448
 70.063496 0.0588565714286 0.00386528566337
 80.026956 0.054869 0.00503506746479
 90.072616 0.0568408888889 0.00484638439354
 100.058928 0.0570496 0.00436623774708
 110.027 0.0543178181818 0.00474758983276
 120.06808 0.0554646666667 0.0044883392334
 130.048788 0.0549510769231 0.00417236331149
 140.090972 0.057524 0.00459973594628
 150.045384 0.0567146666667 0.00436370798765
 160.034032 0.055297 0.0043151192553
 170.066244 0.0559409411765 0.00410905517766
 180.0521 0.0557275555556 0.00388631100449
 190.056336 0.0557595789474 0.00368190025483
 200.0545 0.0556966 0.00349834382844
 10.07452 0.07452 0
 20.03 0.05226 0.0157401969492
 30.059076 0.054532 0.0106561776762
 40.046904 0.052625 0.00816098528059
 50.043188 0.0507376 0.00674350789189
 60.050636 0.0507206666667 0.00561961117015
 70.049664 0.0505697142857 0.00481883656767
 80.0513 0.050661 0.00421734654433
 90.061064 0.0518168888889 0.00390394301607
 100.043676 0.0510028 0.00359742841708
 110.047864 0.0507174545455 0.00328168665655
 120.042132 0.050002 0.00308521684813
 130.036272 0.0489458461538 0.00302326773688
 140.044128 0.0486017142857 0.00282683807537
 150.061004 0.0494285333333 0.00275664924761
 160.063304 0.05029575 0.00271734621158
 170.057248 0.0507047058824 0.00258809294229
 180.054908 0.0509382222222 0.00245482215739
 190.039196 0.0503202105263 0.00240215516298
 200.05452 0.0505302 0.00229120735814
 10.044232 0.044232 0
 20.076076 0.060154 0.0112585541701
 30.041856 0.0540546666667 0.00900759784643
 40.061024 0.055797 0.006922156799
 50.047464 0.0541304 0.00573484502737
 60.047544 0.0530326666667 0.00488296853397
 70.04558 0.051968 0.00429990359645
 80.04524 0.051127 0.00384377969907
 90.055056 0.0515635555556 0.00344139457488
 100.055692 0.0519764 0.00312192020141
 110.05238 0.0520130909091 0.00283832487396
 120.033952 0.050508 0.00297420166693
 130.058084 0.0510907692308 0.00280192959326
 140.04262 0.0504857142857 0.00266632002655
 150.044964 0.0501176 0.00251384800531
 160.067476 0.0512025 0.00258023896362
 170.040148 0.0505522352941 0.00250906156726
 180.048304 0.0504273333333 0.00237277605297
 190.06538 0.0512143157895 0.00237481954533
 200.065844 0.0519458 0.00236605287304
 10.042992 0.042992 0
 20.039048 0.04102 0.0013944145725
 30.051768 0.0446026666667 0.00306939318409
 40.044248 0.044514 0.002303325205
 50.033836 0.0423784 0.0026540584711
 60.042844 0.042456 0.00221284954552
 70.026708 0.0402062857143 0.00281704837363
 80.03934 0.040098 0.00246699766923
 90.061452 0.0424706666667 0.00313253802357
 100.04426 0.0426496 0.00282439001273
 110.0462 0.0429723636364 0.00258600380073
 120.028 0.0417246666667 0.00265448780719
 130.033676 0.0411055384615 0.00252146509635
 140.045388 0.0414114285714 0.00235984194757
 150.054768 0.0423018666667 0.00236455322323
 160.027612 0.04138375 0.00238837137158
 170.042076 0.0414244705882 0.00224822604443
 180.04676 0.0417208888889 0.00214277619752
 190.035496 0.0413932631579 0.00205489248877
 200.042548 0.041451 0.00195295881933
 10.034592 0.034592 0
 20.039348 0.03697 0.00168149992566
 30.047808 0.0405826666667 0.00315555824726
 40.055052 0.0442 0.00392618720899
 50.048676 0.0450952 0.00324139967792
 60.030296 0.0426286666667 0.00351654975056
 70.033316 0.0412982857143 0.00325613005378
 80.033796 0.0403605 0.00298110067236
 90.04914 0.041336 0.00280493554425
 100.031448 0.0403472 0.00269309492146
 110.05508 0.0416865454545 0.00276130151479
 120.03034 0.040741 0.00268821312502
 130.04728 0.041244 0.00252804849777
 140.02962 0.0404137142857 0.00248007372222
 150.027952 0.0395829333333 0.00244993554467
 160.046976 0.040045 0.00233998262547
 170.029616 0.0394315294118 0.00228133614421
 180.041248 0.0395324444444 0.0021568260835
 190.027276 0.0388873684211 0.0021375998711
 200.034416 0.0386638 0.00204237776085
 10.039084 0.039084 0
 20.046016 0.04255 0.00245083210359
 30.039104 0.0414013333333 0.00188393567556
 40.032496 0.039175 0.00239036665598
 50.045724 0.0404848 0.00224261601528
 60.043744 0.041028 0.00193351401455
 70.029296 0.039352 0.00227031483927
 80.025992 0.037682 0.00252716659522
 90.040488 0.0379937777778 0.00226552076578
 100.037064 0.0379008 0.00204087571792
 110.02574 0.0367952727273 0.00213386377953
 120.04936 0.0378423333333 0.00219797045063
 130.033184 0.037484 0.00205789791065
 140.041776 0.0377905714286 0.00193360581455
 150.026368 0.0370290666667 0.0019488888674
 160.025612 0.0363155 0.00195335281871
 170.057296 0.0375496470588 0.00219395101866
 180.033036 0.0372988888889 0.00208634587063
 190.03574 0.0372168421053 0.0019781508045
 200.044872 0.0375996 0.00191591588333
 10.029188 0.029188 0
 20.046724 0.037956 0.00619991225744
 30.051756 0.042556 0.00558485698613
 40.034524 0.040548 0.00453528124817
 50.020104 0.0364592 0.00515156723648
 60.033276 0.0359286666667 0.00432020477052
 70.050336 0.0379868571429 0.004164544983
 80.049656 0.0394455 0.00389104760556
 90.046224 0.0401986666667 0.00353084960922
 100.030052 0.039184 0.00332035867942
 110.043344 0.0395621818182 0.00303996865419
 120.037592 0.039398 0.0027910679557
 130.037956 0.0392870769231 0.00257857364008
 140.047184 0.0398511428571 0.00245530985379
 150.036596 0.0396341333333 0.00230119260649
 160.042656 0.039823 0.00216510465971
 170.056324 0.0407936470588 0.00224480327964
 180.027432 0.0400513333333 0.00223946577073
 190.048584 0.0405004210526 0.00216615973853
 200.021808 0.0395658 0.00225046540031
 10.031192 0.031192 0
 20.022796 0.026994 0.00296843426742
 30.043536 0.032508 0.00491789909977
 40.017936 0.028865 0.00485366467218
 50.043312 0.0317544 0.0046643396926
 60.049428 0.0347 0.00472639867599
 70.030128 0.0340468571429 0.00409607929725
 80.04174 0.0350085 0.00369522877759
 90.038928 0.035444 0.0033102111827
 100.024376 0.0343372 0.00315880975306
 110.047252 0.0355112727273 0.00308212260521
 120.045232 0.0363213333333 0.00292979807167
 130.037448 0.036408 0.00270571053351
 140.022056 0.0353828571429 0.00269967306951
 150.031156 0.0351010666667 0.00253435876697
 160.031216 0.03485825 0.00238756512918
 170.023984 0.0342185882353 0.00233123301212
 180.037532 0.0344026666667 0.00220897569693
 190.020188 0.0336545263158 0.00221578574743
 200.044832 0.0342134 0.00217433504824
 10.035692 0.035692 0
 20.02882 0.032256 0.00242961890016
 30.039036 0.034516 0.00245532962259
 40.038544 0.035523 0.00203755950833
 50.036556 0.0357296 0.00164048835656
 60.040636 0.0365473333333 0.00155760397667
 70.037944 0.0367468571429 0.00134780770488
 80.029684 0.035864 0.00143973278771
 90.027536 0.0349386666667 0.00154883691926
 100.036628 0.0351076 0.00140313585372
 110.03914 0.0354741818182 0.00132259783071
 120.034636 0.0354043333333 0.00121422434851
 130.04102 0.0358363076923 0.0011951949131
 140.020056 0.0347091428571 0.00155288747131
 150.034144 0.0346714666667 0.00144981861813
 160.034532 0.03466275 0.00135923115762
 170.028436 0.0342964705882 0.00132771114057
 180.044924 0.0348868888889 0.00137899114333
 190.03458 0.0348707368421 0.00130650725269
 200.030544 0.0346544 0.001258965461
 10.036444 0.036444 0
 20.029432 0.032938 0.00247911637484
 30.017456 0.0277773333333 0.00452620707862
 40.026516 0.027462 0.00340562196963
 50.031764 0.0283224 0.00283109829713
 60.04244 0.0306753333333 0.00319055375433
 70.030424 0.0306394285714 0.00273496237975
 80.040208 0.0318355 0.00264171406832
 90.02058 0.0305848888889 0.00262759297656
 100.02684 0.0302104 0.00239137116818
 110.029616 0.0301563636364 0.00217458421702
 120.013976 0.028808 0.00237488881611
 130.023672 0.0284129230769 0.00222482408443
 140.037244 0.0290437142857 0.00215347451435
 150.018496 0.0283405333333 0.0021216115591
 160.039048 0.02900975 0.00209189492353
 170.031872 0.0291781176471 0.00197560625688
 180.024484 0.0289173333333 0.00188298373681
 190.044364 0.0297303157895 0.00195150700636
 200.032556 0.0298716 0.00185903893235
 10.014748 0.014748 0
 20.03368 0.024214 0.00669347279071
 30.025252 0.02456 0.00447124899279
 40.031716 0.026349 0.00369403962486
 50.015476 0.0241744 0.00353786694606
 60.026156 0.0245046666667 0.00296359787596
 70.023592 0.0243742857143 0.00254309313282
 80.028284 0.024863 0.00227168007761
 90.034436 0.0259266666667 0.0022545805008
 100.025504 0.0258844 0.00202951859908
 110.042056 0.0273545454545 0.00231709531888
 120.026544 0.027287 0.00212498832023
 130.027836 0.0273292307692 0.00196194727008
 140.029952 0.0275165714286 0.00183073063845
 150.02808 0.0275541333333 0.00170906722283
 160.041392 0.028419 0.00180788590279
 170.02556 0.0282508235294 0.00170934398521
 180.028308 0.028254 0.00161438338188
 190.042708 0.0290147368421 0.00169922757887
 200.02258 0.028693 0.0016444434408
 10.023156 0.023156 0
 20.015192 0.019174 0.00281569920268
 30.030124 0.022824 0.00352211502115
 40.026064 0.023634 0.00273313976957
 50.022052 0.0233176 0.00220474966561
 60.036436 0.025504 0.00271279568793
 70.026056 0.0255828571429 0.0023263992974
 80.024252 0.0254165 0.00204153868902
 90.020868 0.0249111111111 0.00187621376315
 100.021344 0.0245544 0.00172216804755
 110.034904 0.0254952727273 0.00180440883884
 120.028452 0.0257416666667 0.00167077942279
 130.019648 0.0252729230769 0.00160666688852
 140.025764 0.025308 0.00149228782035
 150.03484 0.0259434666667 0.00152210183881
 160.026628 0.02598625 0.00142757162556
 170.038212 0.0267054117647 0.00151394283707
 180.021956 0.0264415555556 0.00145264591758
 190.023928 0.0263092631579 0.00138220167388
 200.028328 0.0264102 0.00131677194609
 10.909524 0.909524 0
 20.965508 0.937516 0.019793333019
 30.978652 0.951228 0.0173051623383
 40.840676 0.92359 0.0272276586397
 50.885592 0.9159904 0.0228180671602
 60.965536 0.924248 0.0204547219868
 70.911344 0.922404571429 0.0176154900931
 80.794632 0.906433 0.0214658414434
 90.94032 0.910198222222 0.0194081588455
 100.962708 0.9154492 0.0181637980878
 110.93618 0.917333818182 0.0166100269736
 120.855364 0.912169666667 0.0160085240659
 130.697804 0.89568 0.0216646181727
 140.744068 0.884850571429 0.0226627264372
 150.964376 0.890152266667 0.0217631810827
 160.957088 0.89433575 0.0208011868005
 170.955284 0.897920941176 0.0198841504026
 180.933976 0.899924 0.0188800963379
 190.857576 0.897695157895 0.0180174869138
 200.952688 0.9004448 0.0173251531286
 10.75076 0.75076 0
 20.745156 0.747958 0.00198131320089
 30.861348 0.785754666667 0.0308891035708
 40.918492 0.818939 0.0369134377802
 50.791604 0.813472 0.0299328528543
 60.878568 0.824321333333 0.0268383189019
 70.694928 0.805836571429 0.0286717747739
 80.694228 0.7918855 0.0282789886748
 90.824392 0.795497333333 0.0253664844769
 100.801768 0.7961244 0.0228375853466
 110.868656 0.802718181818 0.0216924608718
 120.897936 0.810653 0.0212865702844
 130.518688 0.788194153846 0.0291837037013
 140.844824 0.792239142857 0.0273780449152
 150.913408 0.800317066667 0.0267179788363
 160.811012 0.8009855 0.0250564652332
 170.789144 0.800288941176 0.0235922355429
 180.919808 0.806928888889 0.0231971388414
 190.909888 0.812347789474 0.0226003090283
 200.880732 0.815767 0.0217274010611
 10.5272 0.5272 0
 20.82826 0.67773 0.106440783772
 30.78988 0.715113333333 0.0772468219171
 40.638036 0.695844 0.0602906138798
 50.500064 0.656688 0.0596064347775
 60.69542 0.663143333333 0.0500203615556
 70.645316 0.660596571429 0.0429393802332
 80.685424 0.6637 0.0376839404256
 90.698384 0.667553777778 0.0336933145091
 100.55808 0.6566064 0.0320531514941
 110.534428 0.645499272727 0.0310039936721
 120.425008 0.627125 0.0334244584669
 130.758976 0.637267384615 0.0323555871797
 140.630332 0.636772 0.0300482658972
 150.775332 0.646009333333 0.029430672756
 160.742204 0.6520215 0.0281986596376
 170.764968 0.658665411765 0.0273113911526
 180.501936 0.649958222222 0.0271466086411
 190.814436 0.658614947368 0.0270629270466
 200.692336 0.660301 0.0257622487013
 10.77516 0.77516 0
 20.611832 0.693496 0.0577451681788
 30.525612 0.637534666667 0.0597476571021
 40.210264 0.530717 0.102788681803
 50.236836 0.4719408 0.097599394145
 60.56438 0.487347333333 0.0825398694096
 70.657816 0.5117 0.0742541253188
 80.400088 0.4977485 0.0662700635824
 90.607164 0.509905777778 0.0600114929276
 100.53322 0.5122372 0.0540556120692
 110.47314 0.508682909091 0.0492581786508
 120.650412 0.520493666667 0.0465477469259
 130.415208 0.512394769231 0.0436660354997
 140.622736 0.520276285714 0.0412521897926
 150.36976 0.510241866667 0.0397037064415
 160.506604 0.5100145 0.0372228758005
 170.416568 0.504517647059 0.0354368419271
 180.674376 0.513954222222 0.0347018358489
 190.514844 0.514001052632 0.0328754550348
 200.564804 0.5165412 0.0313296618151
 10.3787 0.3787 0
 20.34994 0.36432 0.0101681955135
 30.423496 0.384045333333 0.0174741124418
 40.356896 0.377258 0.0143634000501
 50.378244 0.3774552 0.0114920736733
 60.4616 0.391479333333 0.0159878281873
 70.45056 0.399919428571 0.0157751174036
 80.364072 0.3954385 0.0144256014249
 90.443568 0.400786222222 0.0137783763613
 100.412784 0.401986 0.012452665607
 110.38952 0.400852727273 0.0113720557356
 120.179764 0.382428666667 0.0204896713592
 130.580044 0.397629846154 0.0238960853029
 140.392828 0.397286857143 0.0221916834521
 150.507852 0.404657866667 0.0219022021951
 160.3469 0.401048 0.0208286748978
 170.394252 0.400648235294 0.0196072946936
 180.468656 0.404426444444 0.0188785105479
 190.534764 0.411286315789 0.0190905977881
 200.370752 0.4092596 0.0182433318468
 10.467056 0.467056 0
 20.412764 0.43991 0.0191951206821
 30.293852 0.391224 0.0417609203389
 40.258528 0.35805 0.0425014275643
 50.3874 0.36392 0.0344041157538
 60.371628 0.365204666667 0.0286940714809
 70.253636 0.349266285714 0.0286819057103
 80.4287 0.3591955 0.0267602009282
 90.3527 0.358473777778 0.0237965756981
 100.386448 0.3612712 0.0215807181552
 110.343008 0.359610909091 0.0196825974775
 120.26466 0.351698333333 0.0195683152937
 130.35656 0.352072307692 0.0180666334707
 140.351192 0.352009428571 0.0167762690732
 150.301372 0.3486336 0.0159938979866
 160.346856 0.3485225 0.01499466523
 170.347444 0.348459058824 0.0141127603053
 180.302328 0.345896222222 0.0135594233115
 190.346268 0.345915789474 0.0128457835715
 200.346668 0.3459534 0.0122035494518
 10.203004 0.203004 0
 20.277672 0.240338 0.0263991245688
 30.358116 0.279597333333 0.0365686973527
 40.252832 0.272906 0.0280320284853
 50.164532 0.2512312 0.0296436522964
 60.251456 0.251268666667 0.0247030672574
 70.257176 0.252112571429 0.021188467459
 80.123564 0.236044 0.0238673907455
 90.31908 0.245270222222 0.022929472794
 100.275532 0.2482964 0.0208352624669
 110.298456 0.252856363636 0.0194337347756
 120.314788 0.258017333333 0.0184868526877
 130.29184 0.260619076923 0.0172468933632
 140.3222 0.265017714286 0.0165663922185
 150.231732 0.262798666667 0.0156098779287
 160.332524 0.2671565 0.0152304095147
 170.3033 0.269282588235 0.0144821383916
 180.366592 0.274688666667 0.0146518973793
 190.374948 0.279965473684 0.0148004817746
 200.354368 0.2836856 0.0145204629111
 10.232892 0.232892 0
 20.32064 0.276766 0.0310236029178
 30.25232 0.268617333333 0.021726226759
 40.212984 0.254709 0.0202632074152
 50.290112 0.2617896 0.0174037457154
 60.2664 0.262558 0.0145200744948
 70.266024 0.263053142857 0.0124542176045
 80.260156 0.262691 0.0109027043148
 90.231548 0.259230666667 0.010225684689
 100.330304 0.266338 0.0114087736659
 110.148136 0.255592363636 0.0145788164986
 120.219668 0.252598666667 0.0136678307418
 130.336244 0.259032923077 0.0140495589985
 140.259472 0.259064285714 0.0130460540752
 150.24544 0.258156 0.012207894294
 160.263668 0.2585005 0.0114497606682
 170.24802 0.257884 0.0107928299613
 180.286284 0.259461777778 0.0103079089435
 190.21658 0.257204842105 0.0100094184415
 200.248536 0.2567714 0.00951832765679
 10.231712 0.231712 0
 20.131016 0.181364 0.0356014122192
 30.24346 0.202062666667 0.0291365578282
 40.197708 0.200974 0.0218727475412
 50.202588 0.2012968 0.0175005798267
 60.214436 0.203486666667 0.0147201891192
 70.204212 0.203590285714 0.012617669654
 80.187036 0.201521 0.0112088571396
 90.225452 0.20418 0.0102739769837
 100.25594 0.209356 0.0104695323143
 110.191488 0.207731636364 0.00964294457212
 120.234572 0.209968333333 0.00909507014765
 130.175616 0.207325846154 0.00877092782084
 140.222584 0.208415714286 0.00821186685841
 150.178432 0.2064168 0.00790395138267
 160.255476 0.209483 0.00798256901395
 170.230256 0.210704941176 0.00760595619111
 180.157264 0.207736 0.00774120085749
 190.210356 0.207873894737 0.00733499729653
 200.211592 0.2080598 0.00697060291496
 10.120452 0.120452 0
 20.170248 0.14535 0.017605544638
 30.153112 0.147937333333 0.0119256333196
 40.182312 0.156531 0.0116356130371
 50.235288 0.1722824 0.0168858898388
 60.177852 0.173210666667 0.0140970665401
 70.181072 0.174333714286 0.0121278513764
 80.157804 0.1722675 0.0107864438171
 90.197664 0.175089333333 0.00995021509539
 100.17564 0.1751444 0.00895534596004
 110.180648 0.175644727273 0.00815518804511
 120.143424 0.172959666667 0.00790526318992
 130.1116 0.168239692308 0.00859145420965
 140.1942 0.170094 0.0081754393928
 150.225308 0.173774933333 0.00841838130625
 160.176752 0.173961 0.00789428846936
 170.13938 0.171926823529 0.00768753272285
 180.152812 0.170864888889 0.00733342715466
 190.213696 0.173119157895 0.00728570053869
 200.189024 0.1739144 0.00696468105458
 10.161384 0.161384 0
 20.119784 0.140584 0.0147078210487
 30.133464 0.138210666667 0.00999486683068
 40.141344 0.138994 0.00752678384172
 50.194468 0.1500888 0.0116074654267
 60.15232 0.150460666667 0.00967884274151
 70.126744 0.147072571429 0.00886935314775
 80.113128 0.1428295 0.00871673186858
 90.137552 0.142243111111 0.00776790473751
 100.153764 0.1433952 0.00707603395809
 110.136156 0.142737090909 0.00646328952586
 120.156904 0.143917666667 0.00603153961289
 130.185476 0.147114461538 0.00635855910943
 140.155432 0.147708571429 0.00593206661662
 150.18202 0.149996 0.00596132513233
 160.176524 0.151654 0.00581473940732
 170.118596 0.149709411765 0.00578872933273
 180.135872 0.148940666667 0.00551794196068
 190.163284 0.149695578947 0.00527891134496
 200.134628 0.1489422 0.00506843985838
 10.118316 0.118316 0
 20.148844 0.13358 0.010793277908
 30.159444 0.142201333333 0.0100661353208
 40.166996 0.1484 0.00926358915324
 50.161864 0.1510928 0.00779242909701
 60.152256 0.151286666667 0.0064961020563
 70.139392 0.149587428571 0.0057860626592
 80.11642 0.1454415 0.00637747018564
 90.102412 0.140660444444 0.00724255897603
 100.12434 0.1390284 0.00669966321422
 110.129676 0.138178181818 0.00614431439372
 120.149128 0.139090666667 0.0056996414962
 130.154264 0.140257846154 0.00537938841891
 140.106096 0.137817714286 0.00552090824699
 150.13738 0.137788533333 0.00515292481509
 160.140024 0.13792825 0.00483276078537
 170.133344 0.137658588235 0.00455599791526
 180.108884 0.13606 0.00457475123253
 190.14956 0.136770526316 0.00438880561581
 200.072284 0.1335462 0.0052211180295
 10.12318 0.12318 0
 20.067476 0.095328 0.0196943380696
 30.099684 0.09678 0.0131829756884
 40.09622 0.09664 0.00988797512133
 50.103548 0.0980216 0.0080063205112
 60.135364 0.104245333333 0.00876320416624
 70.075384 0.100122285714 0.00842561063181
 80.09892 0.099972 0.0073737494872
 90.10428 0.100450666667 0.00656996193311
 100.130832 0.1034888 0.00657802345511
 110.078648 0.101230545455 0.00635584441967
 120.13968 0.104434666667 0.00658447858955
 130.14186 0.107313538462 0.00667774030502
 140.133536 0.109186571429 0.00645810137775
 150.138052 0.111110933333 0.00630775600984
 160.1542 0.113804 0.00646289824692
 170.108224 0.113475764706 0.00609105720537
 180.06998 0.111059333333 0.00621352557523
 190.135804 0.112361684211 0.00602143721492
 200.119816 0.1127344 0.00573188895496
 10.083956 0.083956 0
 20.112124 0.09804 0.00995889190623
 30.097092 0.097724 0.00664427278857
 40.087568 0.095185 0.00544676222631
 50.071596 0.0904672 0.00606573404231
 60.094776 0.0911853333333 0.0050971116585
 70.080096 0.0896011428571 0.0046085665549
 80.090332 0.0896925 0.00403340113536
 90.043784 0.0845915555556 0.00599854555028
 100.09698 0.0858304 0.00552513587742
 110.082172 0.0854978181818 0.00503285061235
 120.12484 0.0887763333333 0.00558003830051
 130.1001 0.0896473846154 0.00521834785519
 140.078032 0.0888177142857 0.00491112091971
 150.080888 0.0882890666667 0.00461207769373
 160.089296 0.088352 0.00432425218969
 170.107584 0.0894832941176 0.00421527005277
 180.065968 0.0881768888889 0.00417862931695
 190.086536 0.0880905263158 0.00395959381459
 200.071488 0.0872604 0.00384764798702
 10.102444 0.102444 0
 20.10218 0.102312 9.33380951114e-05
 30.096544 0.100389333333 0.00157108351382
 40.073176 0.093586 0.00600852968704
 50.094832 0.0938352 0.00481198868162
 60.099684 0.09481 0.00410754024799
 70.094404 0.094752 0.003521158251
 80.1174 0.097583 0.00406268198054
 90.070132 0.0945328888889 0.00461636037611
 100.076316 0.0927112 0.0044998255184
 110.089628 0.0924309090909 0.00409947073676
 120.091828 0.0923806666667 0.00375815604411
 130.089676 0.0921726153846 0.00347482119848
 140.075012 0.0909468571429 0.00343602060835
 150.06604 0.0892864 0.00358578510703
 160.093432 0.0895455 0.00337102150459
 170.098608 0.0900785882353 0.00321460066892
 180.081244 0.0895877777778 0.00307325221187
 190.097524 0.0900054736842 0.00293975027806
 200.060752 0.0885428 0.00313559682485
 10.077172 0.077172 0
 20.088612 0.082892 0.00404465078839
 30.072948 0.0795773333333 0.0038203968768
 40.051216 0.072487 0.00677602765269
 50.038272 0.065644 0.00817597894322
 60.060884 0.0648506666667 0.00685169712418
 70.07256 0.065952 0.00596073957882
 80.071076 0.0665925 0.00524994621103
 90.056336 0.0654528888889 0.00478871000554
 100.052496 0.0641572 0.00448170067898
 110.082148 0.0657927272727 0.0043625079395
 120.065176 0.0657413333333 0.00399926833123
 130.104984 0.06876 0.00469462966004
 140.091544 0.0703874285714 0.00463279947732
 150.061992 0.0698277333333 0.00435762382494
 160.045492 0.06830675 0.00434260906194
 170.084796 0.0692767058824 0.0041940864645
 180.065588 0.0690717777778 0.0039660850177
 190.053056 0.0682288421053 0.00384587771053
 200.094244 0.0695296 0.00386730491583
 10.072416 0.072416 0
 20.07878 0.075598 0.00225001377774
 30.054212 0.0684693333333 0.00601070876452
 40.074364 0.069943 0.00468520210343
 50.064432 0.0688408 0.00387564083372
 60.080016 0.0707033333333 0.00364990756859
 70.057228 0.0687782857143 0.00360053754328
 80.080032 0.070185 0.00341422800571
 90.083096 0.0716195555556 0.00332260748086
 100.051916 0.0696492 0.00352650598979
 110.066784 0.0693887272727 0.00321551958988
 120.063328 0.0688836666667 0.00298696112605
 130.064276 0.0685292307692 0.00277814416399
 140.071548 0.0687448571429 0.00258805971538
 150.068068 0.0686997333333 0.00241591574442
 160.06984 0.068771 0.00226597190792
 170.084072 0.0696710588235 0.00230451170619
 180.08588 0.0705715555556 0.00234583122521
 190.065076 0.0702823157895 0.00224012701096
 200.072028 0.0703696 0.00212982045065
 10.08458 0.08458 0
 20.083664 0.084122 0.000323854905784
 30.079232 0.082492 0.00134828813274
 40.06554 0.078254 0.0038069726818
 50.067684 0.07614 0.00358479330506
 60.109728 0.081738 0.00591935782928
 70.040832 0.0758942857143 0.00741709904707
 80.06026 0.07394 0.00674250925101
 90.052028 0.0715053333333 0.00641787522241
 100.04994 0.0693488 0.00612770442629
 110.054852 0.0680309090909 0.00571060211825
 120.070776 0.0682596666667 0.00523929843604
 130.078948 0.0690818461538 0.00490036133657
 140.07316 0.0693731428571 0.0045589852152
 150.053852 0.0683384 0.0043709024431
 160.086644 0.0694825 0.00424481710258
 170.061056 0.0689868235294 0.00402395851533
 180.071572 0.0691304444444 0.00380296742017
 190.054644 0.068368 0.00367844729377
 200.051148 0.067507 0.00359387804885
 10.062952 0.062952 0
 20.056632 0.059792 0.00223445742855
 30.026088 0.0485573333333 0.00929323296614
 40.062708 0.052095 0.00761355138881
 50.068144 0.0553048 0.00673354277272
 60.05138 0.0546506666667 0.0056429692473
 70.066164 0.0562954285714 0.00507086882568
 80.063884 0.057244 0.00452486176584
 90.077296 0.059472 0.00453758893937
 100.061872 0.059712 0.00409017210396
 110.047856 0.0586341818182 0.00385773550203
 120.064644 0.059135 0.00356861803706
 130.072376 0.0601535384615 0.00343638950582
 140.0599 0.0601354285714 0.00319098083206
 150.042496 0.0589594666667 0.0031875789794
 160.031796 0.05726175 0.00341062591339
 170.019268 0.0550268235294 0.00387365259372
 180.044668 0.0544513333333 0.00370095171277
 190.057224 0.0545972631579 0.00350904063318
 200.060608 0.0548978 0.003346433809
 10.05196 0.05196 0
 20.079924 0.065942 0.00988676701455
 30.056224 0.0627026666667 0.00710205236899
 40.058592 0.061675 0.00540037913021
 50.05744 0.060828 0.00438622250234
 60.04436 0.0580833333333 0.00443148316448
 70.063496 0.0588565714286 0.00386528566337
 80.026956 0.054869 0.00503506746479
 90.072616 0.0568408888889 0.00484638439354
 100.058928 0.0570496 0.00436623774708
 110.027 0.0543178181818 0.00474758983276
 120.06808 0.0554646666667 0.0044883392334
 130.048788 0.0549510769231 0.00417236331149
 140.090972 0.057524 0.00459973594628
 150.045384 0.0567146666667 0.00436370798765
 160.034032 0.055297 0.0043151192553
 170.066244 0.0559409411765 0.00410905517766
 180.0521 0.0557275555556 0.00388631100449
 190.056336 0.0557595789474 0.00368190025483
 200.0545 0.0556966 0.00349834382844
 10.07452 0.07452 0
 20.03 0.05226 0.0157401969492
 30.059076 0.054532 0.0106561776762
 40.046904 0.052625 0.00816098528059
 50.043188 0.0507376 0.00674350789189
 60.050636 0.0507206666667 0.00561961117015
 70.049664 0.0505697142857 0.00481883656767
 80.0513 0.050661 0.00421734654433
 90.061064 0.0518168888889 0.00390394301607
 100.043676 0.0510028 0.00359742841708
 110.047864 0.0507174545455 0.00328168665655
 120.042132 0.050002 0.00308521684813
 130.036272 0.0489458461538 0.00302326773688
 140.044128 0.0486017142857 0.00282683807537
 150.061004 0.0494285333333 0.00275664924761
 160.063304 0.05029575 0.00271734621158
 170.057248 0.0507047058824 0.00258809294229
 180.054908 0.0509382222222 0.00245482215739
 190.039196 0.0503202105263 0.00240215516298
 200.05452 0.0505302 0.00229120735814
 10.044232 0.044232 0
 20.076076 0.060154 0.0112585541701
 30.041856 0.0540546666667 0.00900759784643
 40.061024 0.055797 0.006922156799
 50.047464 0.0541304 0.00573484502737
 60.047544 0.0530326666667 0.00488296853397
 70.04558 0.051968 0.00429990359645
 80.04524 0.051127 0.00384377969907
 90.055056 0.0515635555556 0.00344139457488
 100.055692 0.0519764 0.00312192020141
 110.05238 0.0520130909091 0.00283832487396
 120.033952 0.050508 0.00297420166693
 130.058084 0.0510907692308 0.00280192959326
 140.04262 0.0504857142857 0.00266632002655
 150.044964 0.0501176 0.00251384800531
 160.067476 0.0512025 0.00258023896362
 170.040148 0.0505522352941 0.00250906156726
 180.048304 0.0504273333333 0.00237277605297
 190.06538 0.0512143157895 0.00237481954533
 200.065844 0.0519458 0.00236605287304
 10.042992 0.042992 0
 20.039048 0.04102 0.0013944145725
 30.051768 0.0446026666667 0.00306939318409
 40.044248 0.044514 0.002303325205
 50.033836 0.0423784 0.0026540584711
 60.042844 0.042456 0.00221284954552
 70.026708 0.0402062857143 0.00281704837363
 80.03934 0.040098 0.00246699766923
 90.061452 0.0424706666667 0.00313253802357
 100.04426 0.0426496 0.00282439001273
 110.0462 0.0429723636364 0.00258600380073
 120.028 0.0417246666667 0.00265448780719
 130.033676 0.0411055384615 0.00252146509635
 140.045388 0.0414114285714 0.00235984194757
 150.054768 0.0423018666667 0.00236455322323
 160.027612 0.04138375 0.00238837137158
 170.042076 0.0414244705882 0.00224822604443
 180.04676 0.0417208888889 0.00214277619752
 190.035496 0.0413932631579 0.00205489248877
 200.042548 0.041451 0.00195295881933
 10.034592 0.034592 0
 20.039348 0.03697 0.00168149992566
 30.047808 0.0405826666667 0.00315555824726
 40.055052 0.0442 0.00392618720899
 50.048676 0.0450952 0.00324139967792
 60.030296 0.0426286666667 0.00351654975056
 70.033316 0.0412982857143 0.00325613005378
 80.033796 0.0403605 0.00298110067236
 90.04914 0.041336 0.00280493554425
 100.031448 0.0403472 0.00269309492146
 110.05508 0.0416865454545 0.00276130151479
 120.03034 0.040741 0.00268821312502
 130.04728 0.041244 0.00252804849777
 140.02962 0.0404137142857 0.00248007372222
 150.027952 0.0395829333333 0.00244993554467
 160.046976 0.040045 0.00233998262547
 170.029616 0.0394315294118 0.00228133614421
 180.041248 0.0395324444444 0.0021568260835
 190.027276 0.0388873684211 0.0021375998711
 200.034416 0.0386638 0.00204237776085
 10.039084 0.039084 0
 20.046016 0.04255 0.00245083210359
 30.039104 0.0414013333333 0.00188393567556
 40.032496 0.039175 0.00239036665598
 50.045724 0.0404848 0.00224261601528
 60.043744 0.041028 0.00193351401455
 70.029296 0.039352 0.00227031483927
 80.025992 0.037682 0.00252716659522
 90.040488 0.0379937777778 0.00226552076578
 100.037064 0.0379008 0.00204087571792
 110.02574 0.0367952727273 0.00213386377953
 120.04936 0.0378423333333 0.00219797045063
 130.033184 0.037484 0.00205789791065
 140.041776 0.0377905714286 0.00193360581455
 150.026368 0.0370290666667 0.0019488888674
 160.025612 0.0363155 0.00195335281871
 170.057296 0.0375496470588 0.00219395101866
 180.033036 0.0372988888889 0.00208634587063
 190.03574 0.0372168421053 0.0019781508045
 200.044872 0.0375996 0.00191591588333
 10.029188 0.029188 0
 20.046724 0.037956 0.00619991225744
 30.051756 0.042556 0.00558485698613
 40.034524 0.040548 0.00453528124817
 50.020104 0.0364592 0.00515156723648
 60.033276 0.0359286666667 0.00432020477052
 70.050336 0.0379868571429 0.004164544983
 80.049656 0.0394455 0.00389104760556
 90.046224 0.0401986666667 0.00353084960922
 100.030052 0.039184 0.00332035867942
 110.043344 0.0395621818182 0.00303996865419
 120.037592 0.039398 0.0027910679557
 130.037956 0.0392870769231 0.00257857364008
 140.047184 0.0398511428571 0.00245530985379
 150.036596 0.0396341333333 0.00230119260649
 160.042656 0.039823 0.00216510465971
 170.056324 0.0407936470588 0.00224480327964
 180.027432 0.0400513333333 0.00223946577073
 190.048584 0.0405004210526 0.00216615973853
 200.021808 0.0395658 0.00225046540031
 10.031192 0.031192 0
 20.022796 0.026994 0.00296843426742
 30.043536 0.032508 0.00491789909977
 40.017936 0.028865 0.00485366467218
 50.043312 0.0317544 0.0046643396926
 60.049428 0.0347 0.00472639867599
 70.030128 0.0340468571429 0.00409607929725
 80.04174 0.0350085 0.00369522877759
 90.038928 0.035444 0.0033102111827
 100.024376 0.0343372 0.00315880975306
 110.047252 0.0355112727273 0.00308212260521
 120.045232 0.0363213333333 0.00292979807167
 130.037448 0.036408 0.00270571053351
 140.022056 0.0353828571429 0.00269967306951
 150.031156 0.0351010666667 0.00253435876697
 160.031216 0.03485825 0.00238756512918
 170.023984 0.0342185882353 0.00233123301212
 180.037532 0.0344026666667 0.00220897569693
 190.020188 0.0336545263158 0.00221578574743
 200.044832 0.0342134 0.00217433504824
 10.035692 0.035692 0
 20.02882 0.032256 0.00242961890016
 30.039036 0.034516 0.00245532962259
 40.038544 0.035523 0.00203755950833
 50.036556 0.0357296 0.00164048835656
 60.040636 0.0365473333333 0.00155760397667
 70.037944 0.0367468571429 0.00134780770488
 80.029684 0.035864 0.00143973278771
 90.027536 0.0349386666667 0.00154883691926
 100.036628 0.0351076 0.00140313585372
 110.03914 0.0354741818182 0.00132259783071
 120.034636 0.0354043333333 0.00121422434851
 130.04102 0.0358363076923 0.0011951949131
 140.020056 0.0347091428571 0.00155288747131
 150.034144 0.0346714666667 0.00144981861813
 160.034532 0.03466275 0.00135923115762
 170.028436 0.0342964705882 0.00132771114057
 180.044924 0.0348868888889 0.00137899114333
 190.03458 0.0348707368421 0.00130650725269
 200.030544 0.0346544 0.001258965461
 10.036444 0.036444 0
 20.029432 0.032938 0.00247911637484
 30.017456 0.0277773333333 0.00452620707862
 40.026516 0.027462 0.00340562196963
 50.031764 0.0283224 0.00283109829713
 60.04244 0.0306753333333 0.00319055375433
 70.030424 0.0306394285714 0.00273496237975
 80.040208 0.0318355 0.00264171406832
 90.02058 0.0305848888889 0.00262759297656
 100.02684 0.0302104 0.00239137116818
 110.029616 0.0301563636364 0.00217458421702
 120.013976 0.028808 0.00237488881611
 130.023672 0.0284129230769 0.00222482408443
 140.037244 0.0290437142857 0.00215347451435
 150.018496 0.0283405333333 0.0021216115591
 160.039048 0.02900975 0.00209189492353
 170.031872 0.0291781176471 0.00197560625688
 180.024484 0.0289173333333 0.00188298373681
 190.044364 0.0297303157895 0.00195150700636
 200.032556 0.0298716 0.00185903893235
 10.014748 0.014748 0
 20.03368 0.024214 0.00669347279071
 30.025252 0.02456 0.00447124899279
 40.031716 0.026349 0.00369403962486
 50.015476 0.0241744 0.00353786694606
 60.026156 0.0245046666667 0.00296359787596
 70.023592 0.0243742857143 0.00254309313282
 80.028284 0.024863 0.00227168007761
 90.034436 0.0259266666667 0.0022545805008
 100.025504 0.0258844 0.00202951859908
 110.042056 0.0273545454545 0.00231709531888
 120.026544 0.027287 0.00212498832023
 130.027836 0.0273292307692 0.00196194727008
 140.029952 0.0275165714286 0.00183073063845
 150.02808 0.0275541333333 0.00170906722283
 160.041392 0.028419 0.00180788590279
 170.02556 0.0282508235294 0.00170934398521
 180.028308 0.028254 0.00161438338188
 190.042708 0.0290147368421 0.00169922757887
 200.02258 0.028693 0.0016444434408
 10.023156 0.023156 0
 20.015192 0.019174 0.00281569920268
 30.030124 0.022824 0.00352211502115
 40.026064 0.023634 0.00273313976957
 50.022052 0.0233176 0.00220474966561
 60.036436 0.025504 0.00271279568793
 70.026056 0.0255828571429 0.0023263992974
 80.024252 0.0254165 0.00204153868902
 90.020868 0.0249111111111 0.00187621376315
 100.021344 0.0245544 0.00172216804755
 110.034904 0.0254952727273 0.00180440883884
 120.028452 0.0257416666667 0.00167077942279
 130.019648 0.0252729230769 0.00160666688852
 140.025764 0.025308 0.00149228782035
 150.03484 0.0259434666667 0.00152210183881
 160.026628 0.02598625 0.00142757162556
 170.038212 0.0267054117647 0.00151394283707
 180.021956 0.0264415555556 0.00145264591758
 190.023928 0.0263092631579 0.00138220167388
 200.028328 0.0264102 0.00131677194609
