 1 0.004516 0.004516 0
 2 -0.005064 -0.000274 0.00338704148188
 3 0.002256 0.000569333333333 0.0023606841444
 4 0.010276 0.002996 0.00274795378418
 5 0.00576 0.0035488 0.00225327989207
 6 -0.005776 0.00199466666667 0.00235343525118
 7 -0.010284 0.000240571428571 0.00258969454394
 8 0.007016 0.0010875 0.00240048010172
 9 -0.00718 0.000168888888889 0.00230282821521
 10 -0.004856 -0.0003336 0.00212666169947
 11 -0.0101 -0.00122145454545 0.00211054108594
 12 -0.007368 -0.00173366666667 0.00199585005328
 13 -0.004364 -0.001936 0.0018525507124
 14 0.002692 -0.00160542857143 0.00174947085211
 15 0.017352 -0.0003416 0.00203885830536
 16 -0.001988 -0.0004445 0.00191402455166
 17 0.0112 0.000240470588235 0.00192009197826
 18 0.007356 0.000635777777778 0.00185366638287
 19 0.0042 0.000823368421053 0.00176557154544
 20 -0.002484 0.000658 0.00168501960819
 1 -0.006968 -0.006968 0
 2 -0.004572 -0.00577 0.000847113923861
 3 -0.003136 -0.004892 0.000912609932495
 4 -0.003164 -0.00446 0.000780032050624
 5 0.011368 -0.0012944 0.00289934935598
 6 -0.001364 -0.001306 0.00241614766841
 7 0.006172 -0.000237714285714 0.00229503255692
 8 0.000268 -0.0001745 0.00200902388456
 9 0.002404 0.000112 0.00180611187327
 10 -0.008564 -0.0007556 0.00182200693303
 11 0.012532 0.000452363636364 0.00201744520248
 12 0.003276 0.000687666666667 0.00186299641905
 13 -0.000824 0.000571384615385 0.00172331415104
 14 0.006196 0.000973142857143 0.00164638554904
 15 0.002996 0.001108 0.00154213976597
 16 -0.001644 0.000936 0.00145531628865
 17 -0.007872 0.000417882352941 0.00145902670758
 18 -0.00064 0.000359111111111 0.00137915284627
 19 -6.8e-05 0.000336631578947 0.00130674904434
 20 -0.012984 -0.0003294 0.00140090003284
 1 0.004516 0.004516 0
 2 -0.005064 -0.000274 0.00338704148188
 3 0.002256 0.000569333333333 0.0023606841444
 4 0.010276 0.002996 0.00274795378418
 5 0.00576 0.0035488 0.00225327989207
 6 -0.005776 0.00199466666667 0.00235343525118
 7 -0.010284 0.000240571428571 0.00258969454394
 8 0.007016 0.0010875 0.00240048010172
 9 -0.00718 0.000168888888889 0.00230282821521
 10 -0.004856 -0.0003336 0.00212666169947
 11 -0.0101 -0.00122145454545 0.00211054108594
 12 -0.007368 -0.00173366666667 0.00199585005328
 13 -0.004364 -0.001936 0.0018525507124
 14 0.002692 -0.00160542857143 0.00174947085211
 15 0.017352 -0.0003416 0.00203885830536
 16 -0.001988 -0.0004445 0.00191402455166
 17 0.0112 0.000240470588235 0.00192009197826
 18 0.007356 0.000635777777778 0.00185366638287
 19 0.0042 0.000823368421053 0.00176557154544
 20 -0.002484 0.000658 0.00168501960819
 1 -0.006968 -0.006968 0
 2 -0.004572 -0.00577 0.000847113923861
 3 -0.003136 -0.004892 0.000912609932495
 4 -0.003164 -0.00446 0.000780032050624
 5 0.011368 -0.0012944 0.00289934935598
 6 -0.001364 -0.001306 0.00241614766841
 7 0.006172 -0.000237714285714 0.00229503255692
 8 0.000268 -0.0001745 0.00200902388456
 9 0.002404 0.000112 0.00180611187327
 10 -0.008564 -0.0007556 0.00182200693303
 11 0.012532 0.000452363636364 0.00201744520248
 12 0.003276 0.000687666666667 0.00186299641905
 13 -0.000824 0.000571384615385 0.00172331415104
 14 0.006196 0.000973142857143 0.00164638554904
 15 0.002996 0.001108 0.00154213976597
 16 -0.001644 0.000936 0.00145531628865
 17 -0.007872 0.000417882352941 0.00145902670758
 18 -0.00064 0.000359111111111 0.00137915284627
 19 -6.8e-05 0.000336631578947 0.00130674904434
 20 -0.012984 -0.0003294 0.00140090003284
 1 0.004516 0.004516 0
 2 -0.005064 -0.000274 0.00338704148188
 3 0.002256 0.000569333333333 0.0023606841444
 4 0.010276 0.002996 0.00274795378418
 5 0.00576 0.0035488 0.00225327989207
 6 -0.005776 0.00199466666667 0.00235343525118
 7 -0.010284 0.000240571428571 0.00258969454394
 8 0.007016 0.0010875 0.00240048010172
 9 -0.00718 0.000168888888889 0.00230282821521
 10 -0.004856 -0.0003336 0.00212666169947
 11 -0.0101 -0.00122145454545 0.00211054108594
 12 -0.007368 -0.00173366666667 0.00199585005328
 13 -0.004364 -0.001936 0.0018525507124
 14 0.002692 -0.00160542857143 0.00174947085211
 15 0.017352 -0.0003416 0.00203885830536
 16 -0.001988 -0.0004445 0.00191402455166
 17 0.0112 0.000240470588235 0.00192009197826
 18 0.007356 0.000635777777778 0.00185366638287
 19 0.0042 0.000823368421053 0.00176557154544
 20 -0.002484 0.000658 0.00168501960819
 1 -0.006968 -0.006968 0
 2 -0.004572 -0.00577 0.000847113923861
 3 -0.003136 -0.004892 0.000912609932495
 4 -0.003164 -0.00446 0.000780032050624
 5 0.011368 -0.0012944 0.00289934935598
 6 -0.001364 -0.001306 0.00241614766841
 7 0.006172 -0.000237714285714 0.00229503255692
 8 0.000268 -0.0001745 0.00200902388456
 9 0.002404 0.000112 0.00180611187327
 10 -0.008564 -0.0007556 0.00182200693303
 11 0.012532 0.000452363636364 0.00201744520248
 12 0.003276 0.000687666666667 0.00186299641905
 13 -0.000824 0.000571384615385 0.00172331415104
 14 0.006196 0.000973142857143 0.00164638554904
 15 0.002996 0.001108 0.00154213976597
 16 -0.001644 0.000936 0.00145531628865
 17 -0.007872 0.000417882352941 0.00145902670758
 18 -0.00064 0.000359111111111 0.00137915284627
 19 -6.8e-05 0.000336631578947 0.00130674904434
 20 -0.012984 -0.0003294 0.00140090003284
 1 0.004516 0.004516 0
 2 -0.005064 -0.000274 0.00338704148188
 3 0.002256 0.000569333333333 0.0023606841444
 4 0.010276 0.002996 0.00274795378418
 5 0.00576 0.0035488 0.00225327989207
 6 -0.005776 0.00199466666667 0.00235343525118
 7 -0.010284 0.000240571428571 0.00258969454394
 8 0.007016 0.0010875 0.00240048010172
 9 -0.00718 0.000168888888889 0.00230282821521
 10 -0.004856 -0.0003336 0.00212666169947
 11 -0.0101 -0.00122145454545 0.00211054108594
 12 -0.007368 -0.00173366666667 0.00199585005328
 13 -0.004364 -0.001936 0.0018525507124
 14 0.002692 -0.00160542857143 0.00174947085211
 15 0.017352 -0.0003416 0.00203885830536
 16 -0.001988 -0.0004445 0.00191402455166
 17 0.0112 0.000240470588235 0.00192009197826
 18 0.007356 0.000635777777778 0.00185366638287
 19 0.0042 0.000823368421053 0.00176557154544
 20 -0.002484 0.000658 0.00168501960819
 1 -0.006968 -0.006968 0
 2 -0.004572 -0.00577 0.000847113923861
 3 -0.003136 -0.004892 0.000912609932495
 4 -0.003164 -0.00446 0.000780032050624
 5 0.011368 -0.0012944 0.00289934935598
 6 -0.001364 -0.001306 0.00241614766841
 7 0.006172 -0.000237714285714 0.00229503255692
 8 0.000268 -0.0001745 0.00200902388456
 9 0.002404 0.000112 0.00180611187327
 10 -0.008564 -0.0007556 0.00182200693303
 11 0.012532 0.000452363636364 0.00201744520248
 12 0.003276 0.000687666666667 0.00186299641905
 13 -0.000824 0.000571384615385 0.00172331415104
 14 0.006196 0.000973142857143 0.00164638554904
 15 0.002996 0.001108 0.00154213976597
 16 -0.001644 0.000936 0.00145531628865
 17 -0.007872 0.000417882352941 0.00145902670758
 18 -0.00064 0.000359111111111 0.00137915284627
 19 -6.8e-05 0.000336631578947 0.00130674904434
 20 -0.012984 -0.0003294 0.00140090003284
 1 0.004516 0.004516 0
 2 -0.005064 -0.000274 0.00338704148188
 3 0.002256 0.000569333333333 0.0023606841444
 4 0.010276 0.002996 0.00274795378418
 5 0.00576 0.0035488 0.00225327989207
 6 -0.005776 0.00199466666667 0.00235343525118
 7 -0.010284 0.000240571428571 0.00258969454394
 8 0.007016 0.0010875 0.00240048010172
 9 -0.00718 0.000168888888889 0.00230282821521
 10 -0.004856 -0.0003336 0.00212666169947
 11 -0.0101 -0.00122145454545 0.00211054108594
 12 -0.007368 -0.00173366666667 0.00199585005328
 13 -0.004364 -0.001936 0.0018525507124
 14 0.002692 -0.00160542857143 0.00174947085211
 15 0.017352 -0.0003416 0.00203885830536
 16 -0.001988 -0.0004445 0.00191402455166
 17 0.0112 0.000240470588235 0.00192009197826
 18 0.007356 0.000635777777778 0.00185366638287
 19 0.0042 0.000823368421053 0.00176557154544
 20 -0.002484 0.000658 0.00168501960819
 1 -0.006968 -0.006968 0
 2 -0.004572 -0.00577 0.000847113923861
 3 -0.003136 -0.004892 0.000912609932495
 4 -0.003164 -0.00446 0.000780032050624
 5 0.011368 -0.0012944 0.00289934935598
 6 -0.001364 -0.001306 0.00241614766841
 7 0.006172 -0.000237714285714 0.00229503255692
 8 0.000268 -0.0001745 0.00200902388456
 9 0.002404 0.000112 0.00180611187327
 10 -0.008564 -0.0007556 0.00182200693303
 11 0.012532 0.000452363636364 0.00201744520248
 12 0.003276 0.000687666666667 0.00186299641905
 13 -0.000824 0.000571384615385 0.00172331415104
 14 0.006196 0.000973142857143 0.00164638554904
 15 0.002996 0.001108 0.00154213976597
 16 -0.001644 0.000936 0.00145531628865
 17 -0.007872 0.000417882352941 0.00145902670758
 18 -0.00064 0.000359111111111 0.00137915284627
 19 -6.8e-05 0.000336631578947 0.00130674904434
 20 -0.012984 -0.0003294 0.00140090003284
 1 0.004516 0.004516 0
 2 -0.005064 -0.000274 0.00338704148188
 3 0.002256 0.000569333333333 0.0023606841444
 4 0.010276 0.002996 0.00274795378418
 5 0.00576 0.0035488 0.00225327989207
 6 -0.005776 0.00199466666667 0.00235343525118
 7 -0.010284 0.000240571428571 0.00258969454394
 8 0.007016 0.0010875 0.00240048010172
 9 -0.00718 0.000168888888889 0.00230282821521
 10 -0.004856 -0.0003336 0.00212666169947
 11 -0.0101 -0.00122145454545 0.00211054108594
 12 -0.007368 -0.00173366666667 0.00199585005328
 13 -0.004364 -0.001936 0.0018525507124
 14 0.002692 -0.00160542857143 0.00174947085211
 15 0.017352 -0.0003416 0.00203885830536
 16 -0.001988 -0.0004445 0.00191402455166
 17 0.0112 0.000240470588235 0.00192009197826
 18 0.007356 0.000635777777778 0.00185366638287
 19 0.0042 0.000823368421053 0.00176557154544
 20 -0.002484 0.000658 0.00168501960819
 1 -0.006968 -0.006968 0
 2 -0.004572 -0.00577 0.000847113923861
 3 -0.003136 -0.004892 0.000912609932495
 4 -0.003164 -0.00446 0.000780032050624
 5 0.011368 -0.0012944 0.00289934935598
 6 -0.001364 -0.001306 0.00241614766841
 7 0.006172 -0.000237714285714 0.00229503255692
 8 0.000268 -0.0001745 0.00200902388456
 9 0.002404 0.000112 0.00180611187327
 10 -0.008564 -0.0007556 0.00182200693303
 11 0.012532 0.000452363636364 0.00201744520248
 12 0.003276 0.000687666666667 0.00186299641905
 13 -0.000824 0.000571384615385 0.00172331415104
 14 0.006196 0.000973142857143 0.00164638554904
 15 0.002996 0.001108 0.00154213976597
 16 -0.001644 0.000936 0.00145531628865
 17 -0.007872 0.000417882352941 0.00145902670758
 18 -0.00064 0.000359111111111 0.00137915284627
 19 -6.8e-05 0.000336631578947 0.00130674904434
 20 -0.012984 -0.0003294 0.00140090003284
 1 0.004516 0.004516 0
 2 -0.005064 -0.000274 0.00338704148188
 3 0.002256 0.000569333333333 0.0023606841444
 4 0.010276 0.002996 0.00274795378418
 5 0.00576 0.0035488 0.00225327989207
 6 -0.005776 0.00199466666667 0.00235343525118
 7 -0.010284 0.000240571428571 0.00258969454394
 8 0.007016 0.0010875 0.00240048010172
 9 -0.00718 0.000168888888889 0.00230282821521
 10 -0.004856 -0.0003336 0.00212666169947
 11 -0.0101 -0.00122145454545 0.00211054108594
 12 -0.007368 -0.00173366666667 0.00199585005328
 13 -0.004364 -0.001936 0.0018525507124
 14 0.002692 -0.00160542857143 0.00174947085211
 15 0.017352 -0.0003416 0.00203885830536
 16 -0.001988 -0.0004445 0.00191402455166
 17 0.0112 0.000240470588235 0.00192009197826
 18 0.007356 0.000635777777778 0.00185366638287
 19 0.0042 0.000823368421053 0.00176557154544
 20 -0.002484 0.000658 0.00168501960819
 1 -0.006968 -0.006968 0
 2 -0.004572 -0.00577 0.000847113923861
 3 -0.003136 -0.004892 0.000912609932495
 4 -0.003164 -0.00446 0.000780032050624
 5 0.011368 -0.0012944 0.00289934935598
 6 -0.001364 -0.001306 0.00241614766841
 7 0.006172 -0.000237714285714 0.00229503255692
 8 0.000268 -0.0001745 0.00200902388456
 9 0.002404 0.000112 0.00180611187327
 10 -0.008564 -0.0007556 0.00182200693303
 11 0.012532 0.000452363636364 0.00201744520248
 12 0.003276 0.000687666666667 0.00186299641905
 13 -0.000824 0.000571384615385 0.00172331415104
 14 0.006196 0.000973142857143 0.00164638554904
 15 0.002996 0.001108 0.00154213976597
 16 -0.001644 0.000936 0.00145531628865
 17 -0.007872 0.000417882352941 0.00145902670758
 18 -0.00064 0.000359111111111 0.00137915284627
 19 -6.8e-05 0.000336631578947 0.00130674904434
 20 -0.012984 -0.0003294 0.00140090003284
