 1 1.351868 1.351868 0
 2 1.381824 1.366846 0.0105910453686
 3 1.342808 1.35883333333 0.00962576363878
 4 1.326268 1.350692 0.0100910654542
 5 1.35644 1.3518416 0.00813807160253
 6 1.326504 1.34761866667 0.00780081942514
 7 1.354028 1.34853428571 0.00673993771459
 8 1.314528 1.3442835 0.00711269254353
 9 1.294508 1.33875288889 0.00819522351166
 10 1.375352 1.3424128 0.00815208083964
 11 1.334036 1.34165127273 0.00744646669676
 12 1.33164 1.340817 0.00687250321733
 13 1.364628 1.34264861538 0.00658340139558
 14 1.331708 1.34186714286 0.00615936555411
 15 1.366704 1.34352293333 0.00596715100862
 16 1.330628 1.342717 0.00564836721429
 17 1.382464 1.34505505882 0.00577979134959
 18 1.349484 1.34530111111 0.00546392668285
 19 1.360512 1.34610168421 0.00523467292448
 20 1.324052 1.3449992 0.00508771293687
 1 1.3468 1.3468 0
 2 1.4147 1.38075 0.0240062752213
 3 1.37796 1.37982 0.016022187394
 4 1.35762 1.37427 0.0129422380213
 5 1.333976 1.3662112 0.0126157196367
 6 1.321004 1.35867666667 0.0125631574735
 7 1.359964 1.35886057143 0.0107697666449
 8 1.30214 1.3517705 0.0115233974794
 9 1.35158 1.35174933333 0.0102430394216
 10 1.332268 1.3498012 0.00940216916334
 11 1.305748 1.34579636364 0.00936157835749
 12 1.451916 1.35463966667 0.012055216192
 13 1.3546 1.35463661538 0.0111278922557
 14 1.355828 1.35472171429 0.0103333681943
 15 1.462532 1.36190906667 0.0118840271601
 16 1.291212 1.3574905 0.011934467609
 17 1.296688 1.35391388235 0.0117561652958
 18 1.391024 1.35597555556 0.0112823741302
 19 1.338356 1.35504821053 0.0107266084252
 20 1.341272 1.3543594 0.0102123700845
 1 1.351868 1.351868 0
 2 1.381824 1.366846 0.0105910453686
 3 1.342808 1.35883333333 0.00962576363878
 4 1.326268 1.350692 0.0100910654542
 5 1.35644 1.3518416 0.00813807160253
 6 1.326504 1.34761866667 0.00780081942514
 7 1.354028 1.34853428571 0.00673993771459
 8 1.314528 1.3442835 0.00711269254353
 9 1.294508 1.33875288889 0.00819522351166
 10 1.375352 1.3424128 0.00815208083964
 11 1.334036 1.34165127273 0.00744646669676
 12 1.33164 1.340817 0.00687250321733
 13 1.364628 1.34264861538 0.00658340139558
 14 1.331708 1.34186714286 0.00615936555411
 15 1.366704 1.34352293333 0.00596715100862
 16 1.330628 1.342717 0.00564836721429
 17 1.382464 1.34505505882 0.00577979134959
 18 1.349484 1.34530111111 0.00546392668285
 19 1.360512 1.34610168421 0.00523467292448
 20 1.324052 1.3449992 0.00508771293687
 1 1.3468 1.3468 0
 2 1.4147 1.38075 0.0240062752213
 3 1.37796 1.37982 0.016022187394
 4 1.35762 1.37427 0.0129422380213
 5 1.333976 1.3662112 0.0126157196367
 6 1.321004 1.35867666667 0.0125631574735
 7 1.359964 1.35886057143 0.0107697666449
 8 1.30214 1.3517705 0.0115233974794
 9 1.35158 1.35174933333 0.0102430394216
 10 1.332268 1.3498012 0.00940216916334
 11 1.305748 1.34579636364 0.00936157835749
 12 1.451916 1.35463966667 0.012055216192
 13 1.3546 1.35463661538 0.0111278922557
 14 1.355828 1.35472171429 0.0103333681943
 15 1.462532 1.36190906667 0.0118840271601
 16 1.291212 1.3574905 0.011934467609
 17 1.296688 1.35391388235 0.0117561652958
 18 1.391024 1.35597555556 0.0112823741302
 19 1.338356 1.35504821053 0.0107266084252
 20 1.341272 1.3543594 0.0102123700845
 1 1.351868 1.351868 0
 2 1.381824 1.366846 0.0105910453686
 3 1.342808 1.35883333333 0.00962576363878
 4 1.326268 1.350692 0.0100910654542
 5 1.35644 1.3518416 0.00813807160253
 6 1.326504 1.34761866667 0.00780081942514
 7 1.354028 1.34853428571 0.00673993771459
 8 1.314528 1.3442835 0.00711269254353
 9 1.294508 1.33875288889 0.00819522351166
 10 1.375352 1.3424128 0.00815208083964
 11 1.334036 1.34165127273 0.00744646669676
 12 1.33164 1.340817 0.00687250321733
 13 1.364628 1.34264861538 0.00658340139558
 14 1.331708 1.34186714286 0.00615936555411
 15 1.366704 1.34352293333 0.00596715100862
 16 1.330628 1.342717 0.00564836721429
 17 1.382464 1.34505505882 0.00577979134959
 18 1.349484 1.34530111111 0.00546392668285
 19 1.360512 1.34610168421 0.00523467292448
 20 1.324052 1.3449992 0.00508771293687
 1 1.3468 1.3468 0
 2 1.4147 1.38075 0.0240062752213
 3 1.37796 1.37982 0.016022187394
 4 1.35762 1.37427 0.0129422380213
 5 1.333976 1.3662112 0.0126157196367
 6 1.321004 1.35867666667 0.0125631574735
 7 1.359964 1.35886057143 0.0107697666449
 8 1.30214 1.3517705 0.0115233974794
 9 1.35158 1.35174933333 0.0102430394216
 10 1.332268 1.3498012 0.00940216916334
 11 1.305748 1.34579636364 0.00936157835749
 12 1.451916 1.35463966667 0.012055216192
 13 1.3546 1.35463661538 0.0111278922557
 14 1.355828 1.35472171429 0.0103333681943
 15 1.462532 1.36190906667 0.0118840271601
 16 1.291212 1.3574905 0.011934467609
 17 1.296688 1.35391388235 0.0117561652958
 18 1.391024 1.35597555556 0.0112823741302
 19 1.338356 1.35504821053 0.0107266084252
 20 1.341272 1.3543594 0.0102123700845
 1 1.351868 1.351868 0
 2 1.381824 1.366846 0.0105910453686
 3 1.342808 1.35883333333 0.00962576363878
 4 1.326268 1.350692 0.0100910654542
 5 1.35644 1.3518416 0.00813807160253
 6 1.326504 1.34761866667 0.00780081942514
 7 1.354028 1.34853428571 0.00673993771459
 8 1.314528 1.3442835 0.00711269254353
 9 1.294508 1.33875288889 0.00819522351166
 10 1.375352 1.3424128 0.00815208083964
 11 1.334036 1.34165127273 0.00744646669676
 12 1.33164 1.340817 0.00687250321733
 13 1.364628 1.34264861538 0.00658340139558
 14 1.331708 1.34186714286 0.00615936555411
 15 1.366704 1.34352293333 0.00596715100862
 16 1.330628 1.342717 0.00564836721429
 17 1.382464 1.34505505882 0.00577979134959
 18 1.349484 1.34530111111 0.00546392668285
 19 1.360512 1.34610168421 0.00523467292448
 20 1.324052 1.3449992 0.00508771293687
 1 1.3468 1.3468 0
 2 1.4147 1.38075 0.0240062752213
 3 1.37796 1.37982 0.016022187394
 4 1.35762 1.37427 0.0129422380213
 5 1.333976 1.3662112 0.0126157196367
 6 1.321004 1.35867666667 0.0125631574735
 7 1.359964 1.35886057143 0.0107697666449
 8 1.30214 1.3517705 0.0115233974794
 9 1.35158 1.35174933333 0.0102430394216
 10 1.332268 1.3498012 0.00940216916334
 11 1.305748 1.34579636364 0.00936157835749
 12 1.451916 1.35463966667 0.012055216192
 13 1.3546 1.35463661538 0.0111278922557
 14 1.355828 1.35472171429 0.0103333681943
 15 1.462532 1.36190906667 0.0118840271601
 16 1.291212 1.3574905 0.011934467609
 17 1.296688 1.35391388235 0.0117561652958
 18 1.391024 1.35597555556 0.0112823741302
 19 1.338356 1.35504821053 0.0107266084252
 20 1.341272 1.3543594 0.0102123700845
 1 1.351868 1.351868 0
 2 1.381824 1.366846 0.0105910453686
 3 1.342808 1.35883333333 0.00962576363878
 4 1.326268 1.350692 0.0100910654542
 5 1.35644 1.3518416 0.00813807160253
 6 1.326504 1.34761866667 0.00780081942514
 7 1.354028 1.34853428571 0.00673993771459
 8 1.314528 1.3442835 0.00711269254353
 9 1.294508 1.33875288889 0.00819522351166
 10 1.375352 1.3424128 0.00815208083964
 11 1.334036 1.34165127273 0.00744646669676
 12 1.33164 1.340817 0.00687250321733
 13 1.364628 1.34264861538 0.00658340139558
 14 1.331708 1.34186714286 0.00615936555411
 15 1.366704 1.34352293333 0.00596715100862
 16 1.330628 1.342717 0.00564836721429
 17 1.382464 1.34505505882 0.00577979134959
 18 1.349484 1.34530111111 0.00546392668285
 19 1.360512 1.34610168421 0.00523467292448
 20 1.324052 1.3449992 0.00508771293687
 1 1.3468 1.3468 0
 2 1.4147 1.38075 0.0240062752213
 3 1.37796 1.37982 0.016022187394
 4 1.35762 1.37427 0.0129422380213
 5 1.333976 1.3662112 0.0126157196367
 6 1.321004 1.35867666667 0.0125631574735
 7 1.359964 1.35886057143 0.0107697666449
 8 1.30214 1.3517705 0.0115233974794
 9 1.35158 1.35174933333 0.0102430394216
 10 1.332268 1.3498012 0.00940216916334
 11 1.305748 1.34579636364 0.00936157835749
 12 1.451916 1.35463966667 0.012055216192
 13 1.3546 1.35463661538 0.0111278922557
 14 1.355828 1.35472171429 0.0103333681943
 15 1.462532 1.36190906667 0.0118840271601
 16 1.291212 1.3574905 0.011934467609
 17 1.296688 1.35391388235 0.0117561652958
 18 1.391024 1.35597555556 0.0112823741302
 19 1.338356 1.35504821053 0.0107266084252
 20 1.341272 1.3543594 0.0102123700845
 1 1.351868 1.351868 0
 2 1.381824 1.366846 0.0105910453686
 3 1.342808 1.35883333333 0.00962576363878
 4 1.326268 1.350692 0.0100910654542
 5 1.35644 1.3518416 0.00813807160253
 6 1.326504 1.34761866667 0.00780081942514
 7 1.354028 1.34853428571 0.00673993771459
 8 1.314528 1.3442835 0.00711269254353
 9 1.294508 1.33875288889 0.00819522351166
 10 1.375352 1.3424128 0.00815208083964
 11 1.334036 1.34165127273 0.00744646669676
 12 1.33164 1.340817 0.00687250321733
 13 1.364628 1.34264861538 0.00658340139558
 14 1.331708 1.34186714286 0.00615936555411
 15 1.366704 1.34352293333 0.00596715100862
 16 1.330628 1.342717 0.00564836721429
 17 1.382464 1.34505505882 0.00577979134959
 18 1.349484 1.34530111111 0.00546392668285
 19 1.360512 1.34610168421 0.00523467292448
 20 1.324052 1.3449992 0.00508771293687
 1 1.3468 1.3468 0
 2 1.4147 1.38075 0.0240062752213
 3 1.37796 1.37982 0.016022187394
 4 1.35762 1.37427 0.0129422380213
 5 1.333976 1.3662112 0.0126157196367
 6 1.321004 1.35867666667 0.0125631574735
 7 1.359964 1.35886057143 0.0107697666449
 8 1.30214 1.3517705 0.0115233974794
 9 1.35158 1.35174933333 0.0102430394216
 10 1.332268 1.3498012 0.00940216916334
 11 1.305748 1.34579636364 0.00936157835749
 12 1.451916 1.35463966667 0.012055216192
 13 1.3546 1.35463661538 0.0111278922557
 14 1.355828 1.35472171429 0.0103333681943
 15 1.462532 1.36190906667 0.0118840271601
 16 1.291212 1.3574905 0.011934467609
 17 1.296688 1.35391388235 0.0117561652958
 18 1.391024 1.35597555556 0.0112823741302
 19 1.338356 1.35504821053 0.0107266084252
 20 1.341272 1.3543594 0.0102123700845
 1 1.351868 1.351868 0
 2 1.381824 1.366846 0.0105910453686
 3 1.342808 1.35883333333 0.00962576363878
 4 1.326268 1.350692 0.0100910654542
 5 1.35644 1.3518416 0.00813807160253
 6 1.326504 1.34761866667 0.00780081942514
 7 1.354028 1.34853428571 0.00673993771459
 8 1.314528 1.3442835 0.00711269254353
 9 1.294508 1.33875288889 0.00819522351166
 10 1.375352 1.3424128 0.00815208083964
 11 1.334036 1.34165127273 0.00744646669676
 12 1.33164 1.340817 0.00687250321733
 13 1.364628 1.34264861538 0.00658340139558
 14 1.331708 1.34186714286 0.00615936555411
 15 1.366704 1.34352293333 0.00596715100862
 16 1.330628 1.342717 0.00564836721429
 17 1.382464 1.34505505882 0.00577979134959
 18 1.349484 1.34530111111 0.00546392668285
 19 1.360512 1.34610168421 0.00523467292448
 20 1.324052 1.3449992 0.00508771293687
 1 1.3468 1.3468 0
 2 1.4147 1.38075 0.0240062752213
 3 1.37796 1.37982 0.016022187394
 4 1.35762 1.37427 0.0129422380213
 5 1.333976 1.3662112 0.0126157196367
 6 1.321004 1.35867666667 0.0125631574735
 7 1.359964 1.35886057143 0.0107697666449
 8 1.30214 1.3517705 0.0115233974794
 9 1.35158 1.35174933333 0.0102430394216
 10 1.332268 1.3498012 0.00940216916334
 11 1.305748 1.34579636364 0.00936157835749
 12 1.451916 1.35463966667 0.012055216192
 13 1.3546 1.35463661538 0.0111278922557
 14 1.355828 1.35472171429 0.0103333681943
 15 1.462532 1.36190906667 0.0118840271601
 16 1.291212 1.3574905 0.011934467609
 17 1.296688 1.35391388235 0.0117561652958
 18 1.391024 1.35597555556 0.0112823741302
 19 1.338356 1.35504821053 0.0107266084252
 20 1.341272 1.3543594 0.0102123700845
