-0.220152   -0.395324   -0.106552
-0.322163   -0.321161   -0.260415
0.378693   0.144907   -0.062346
-0.404085   -0.414757   -0.190607
0.465536   0.289186   -0.0408183
-0.16338   -0.0296382   0.0748235
-0.148775   0.378736   0.354959
-0.290389   0.459551   -0.282146
0.329744   -0.435837   -0.0255639
-0.346418   0.313733   -0.368299
-0.0620996   0.128259   -0.342966
0.396787   0.494131   0.310784
0.370256   -0.271901   0.07535
-0.195072   -0.180122   0.202761
-0.16876   0.381426   0.0093819
0.0692366   -0.0974325   -0.227094
-0.12107   0.416703   0.0577288
-0.450274   0.202524   -0.0770461
0.256551   0.260774   0.182932
0.31098   0.332619   0.222217
0.242676   -0.108406   0.0983047
0.337005   0.144453   0.349497
0.225944   -0.342658   0.117637
0.340322   -0.348083   0.237639
-0.0783744   -0.0887783   -0.000771383
-0.260824   0.00804623   0.262595
-0.414398   -0.327178   -0.471544
0.0994494   -0.196806   0.460181
-0.0250846   0.373119   -0.291021
0.40882   -0.497896   -0.1811
-0.108372   0.396753   -0.145648
-0.201534   -0.0647416   -0.04013
0.0333851   0.45083   -0.448036
0.0262493   0.439285   -0.287619
-0.195249   -0.294884   -0.128132
0.247378   -0.185122   0.445091
0.391596   0.296252   -0.13562
-0.261762   0.278526   0.444876
-0.443592   0.210848   0.0766859
-0.244735   -0.0067303   -0.490863
0.0964206   0.414322   -0.178564
0.219202   -0.181995   0.168549
-0.379137   -0.289749   -0.0463833
-0.450805   -0.35521   0.0613744
0.287157   -0.0925817   -0.427139
0.108783   0.0225535   0.283615
0.0659181   -0.393984   0.175021
-0.393871   0.481667   0.0346603
-0.431357   0.101315   0.48114
0.482601   0.494988   0.310385
0.404988   -0.216333   0.000442183
-0.0812616   -0.161205   0.0598356
-0.112551   0.443521   0.390005
-0.0823837   -0.0847728   -0.232804
0.0599998   0.341373   -0.300766
0.0604833   -0.179876   -0.13175
0.211215   0.106247   -0.229818
0.0527499   -0.174323   0.104728
-0.0681499   0.306424   -0.168368
0.182006   -0.347193   0.0294341
0.287859   0.222135   -0.231935
-0.319122   0.0596738   0.211924
0.0888901   0.076392   0.229638
-0.148619   0.0194103   -0.42389
-0.478961   0.404956   -0.0543664
0.251484   0.273564   -0.0869032
-0.156772   -0.180005   -0.11427
0.0254652   0.119358   -0.207723
-0.102071   -0.0464588   0.19672
0.0863992   -0.404158   -0.23676
0.352446   -0.325675   0.496468
0.242978   0.471416   -0.335197
0.477256   0.123823   0.485356
-0.346715   0.383846   -0.330852
0.323666   -0.351421   -0.196578
-0.442218   -0.202718   0.0901775
0.0283728   -0.394072   -0.0871607
-0.403598   0.0381272   0.267113
0.401826   0.0710788   0.468095
0.0823566   -0.240783   -0.0831169
0.412286   0.452176   0.421506
0.408348   0.169068   -0.244597
0.00741494   0.398068   -0.207744
0.401135   -0.499359   -0.00860768
-0.430159   0.404861   -0.384494
0.386084   -0.301761   0.295458
-0.271454   -0.316405   -0.384807
-0.237675   -0.324446   -0.206503
-0.208678   0.317732   0.400748
0.28585   0.285824   0.0714987
-0.205913   0.331559   0.495776
-0.134916   0.279918   0.162394
0.137243   0.252198   -0.233916
0.452061   -0.189747   0.189005
0.456093   -0.0142895   0.289139
-0.174813   0.354251   0.184381
0.305507   -0.384353   -0.0948273
-0.234108   0.071031   -0.0170664
-0.230441   0.266126   -0.455162
-0.0888116   0.307573   0.428878
0.234659   0.426004   0.0933772
0.297617   -0.409532   0.0962843
-0.317608   -0.386975   0.175085
-0.0987529   -0.114048   -0.0803594
0.332714   -0.304514   -0.276621
0.499602   -0.212192   -0.212768
-0.0448894   0.356313   -0.441801
-0.225368   -0.361962   0.126305
