-0.34374
-0.340762
-0.33823
-0.336355
-0.335225
-0.334868
-0.335234
-0.336229
-0.337756
-0.339731
-0.342124
-0.344952
-0.348175
-0.35177
-0.355601
-0.359452
-0.362991
-0.36579
-0.367331
-0.367054
-0.364403
-0.359128
-0.351614
-0.343293
-0.336669
-0.334413
-0.337898
-0.346156
-0.356624
-0.366588
-0.374323
-0.37924
-0.381465
-0.381519
-0.379974
-0.377394
-0.374238
-0.370878
-0.367631
-0.364758
-0.362537
-0.361268
-0.361208
-0.362503
-0.364946
-0.368051
-0.371002
-0.372894
-0.372831
-0.370158
-0.364576
-0.356433
-0.346868
-0.337805
-0.331415
-0.329245
-0.331565
-0.337471
-0.345542
-0.354334
-0.362727
-0.369924
-0.375439
-0.379126
-0.381102
-0.381656
-0.381192
-0.380134
-0.378905
-0.377829
-0.377173
-0.377072
-0.377555
-0.378575
-0.380029
-0.381769
-0.383651
-0.385499
-0.3871
-0.388241
-0.388679
-0.388191
-0.386617
-0.383859
-0.379997
-0.37536
-0.370603
-0.366537
-0.364007
-0.363529
-0.36512
-0.368305
-0.372335
-0.376508
-0.380311
-0.383494
-0.385994
-0.38791
-0.389343
-0.390408
-0.391204
-0.391789
-0.39218
-0.392392
-0.392396
-0.392166
-0.391655
-0.390811
-0.389588
-0.387944
-0.385885
-0.383396
-0.380564
-0.377525
-0.374498
-0.371749
-0.369573
-0.368209
-0.367804
-0.368365
-0.369724
-0.371589
-0.373626
-0.375584
-0.377327
-0.378927
-0.38064
-0.382783
-0.385647
-0.389311
-0.393631
-0.398181
-0.402463
-0.405973
-0.408347
-0.40936
-0.408957
-0.407217
-0.404305
-0.400488
-0.396076
-0.391447
-0.387016
-0.383193
-0.380328
-0.37865
-0.378217
-0.378847
-0.38017
-0.381754
-0.38319
-0.384185
-0.384601
-0.384505
-0.384176
-0.383983
-0.384346
-0.385554
-0.387705
-0.390641
-0.394057
-0.397606
-0.401013
-0.404033
-0.40658
-0.408607
-0.4101
-0.411099
-0.411633
-0.41173
-0.411428
-0.410773
-0.409779
-0.408514
-0.407022
-0.40539
-0.403728
-0.402151
-0.40078
-0.399715
-0.39903
-0.398722
-0.398744
-0.398957
-0.399226
-0.399408
-0.399477
-0.39944
-0.399354
-0.39934
-0.399533
-0.400008
-0.400776
-0.401757
-0.402776
-0.403624
-0.404053
-0.403867
-0.402945
-0.401283
-0.399033
-0.3965
-0.394091
-0.392251
-0.391338
-0.391567
-0.392926
-0.395203
-0.398064
-0.401138
-0.404081
-0.406659
-0.408701
-0.410119
-0.410907
-0.411082
-0.410672
-0.409686
-0.408177
-0.406149
-0.403638
-0.40068
-0.397356
-0.393808
-0.390219
-0.38689
-0.384139
-0.382251
-0.381413
-0.381656
-0.382764
-0.384349
-0.385905
-0.3869
-0.386808
-0.385146
-0.381561
-0.375886
-0.368363
-0.359926
-0.3523
-0.347713
-0.347974
-0.35343
-0.362768
-0.373801
-0.384554
-0.393766
-0.40094
-0.406064
-0.409304
-0.410858
-0.410939
-0.409635
-0.407052
-0.403275
-0.398427
-0.392743
-0.386649
-0.380674
-0.375401
-0.371293
-0.368465
-0.366636
-0.365199
-0.363559
-0.361346
-0.35865
-0.355966
-0.354098
-0.353865
-0.355801
-0.36
-0.366041
-0.373243
-0.380794
-0.388048
-0.39456
-0.400114
-0.404691
-0.408326
-0.411135
-0.413217
-0.414685
-0.415594
-0.416016
-0.415957
-0.415431
-0.414477
-0.413113
-0.411423
-0.409526
-0.407594
-0.405855
-0.404569
-0.403945
-0.404105
-0.405091
-0.406791
-0.409043
-0.411646
-0.41441
-0.4172
-0.419921
-0.422542
-0.425058
-0.427476
-0.429777
-0.43197
-0.434001
-0.435798
-0.437271
-0.438307
-0.438756
-0.438534
-0.437514
-0.435657
-0.433052
-0.429894
-0.426561
-0.423567
-0.421423
-0.420504
-0.420871
-0.422216
-0.423929
-0.425251
-0.425487
-0.424165
-0.421237
-0.417188
-0.413141
-0.410576
-0.410822
-0.414375
-0.420609
-0.42811
-0.435356
-0.441239
-0.445144
-0.44692
-0.446639
-0.444491
-0.440727
-0.435581
-0.429303
-0.422217
-0.414707
-0.407235
-0.400266
-0.394252
-0.389519
-0.386229
-0.384309
-0.383571
-0.383782
-0.384761
-0.386408
-0.388685
-0.391576
-0.395004
-0.398835
-0.402834
-0.406743
-0.410309
-0.413317
-0.41562
-0.417173
-0.417959
-0.418015
-0.417429
-0.416298
-0.414694
-0.412693
-0.410316
-0.407578
-0.404497
-0.40111
-0.397549
-0.394007
-0.390755
-0.388066
-0.386122
-0.384983
-0.384508
-0.38443
-0.384426
-0.384243
-0.383737
-0.382877
-0.381752
-0.380524
-0.37935
-0.378384
-0.377689
-0.37729
-0.377162
-0.377278
-0.377614
-0.378162
-0.378933
-0.379962
-0.381272
-0.3829
-0.384826
-0.386991
-0.389324
-0.391678
-0.393898
-0.395784
-0.397139
-0.397738
-0.397404
-0.395932
-0.393164
-0.388993
-0.383415
-0.376555
-0.368734
-0.360532
-0.352704
-0.346071
-0.341289
-0.338706
-0.338275
-0.33977
-0.342951
-0.34764
-0.353711
-0.360882
-0.368707
-0.376548
-0.383759
-0.389811
-0.394361
-0.397225
-0.398369
-0.397855
-0.395849
-0.392606
-0.388544
-0.384184
-0.380202
-0.377257
-0.375901
-0.376419
-0.378719
-0.382386
-0.386807
-0.391341
-0.395491
-0.39891
-0.401456
-0.403112
-0.403928
-0.404011
-0.403458
-0.402382
-0.400856
-0.398961
-0.396738
-0.39424
-0.391476
-0.388477
-0.385291
-0.381936
-0.378459
-0.374908
-0.371326
-0.367748
-0.364225
-0.360796
-0.357478
-0.35431
-0.351338
-0.348661
-0.346385
-0.344648
-0.343642
-0.343503
-0.344303
-0.346051
-0.348614
-0.351774
-0.355256
-0.358794
-0.362147
-0.365119
-0.367632
-0.369629
-0.371121
-0.372155
-0.372762
-0.373024
-0.372984
-0.372726
-0.372275
-0.371692
-0.371025
-0.370291
-0.369535
-0.368775
-0.367989
-0.36715
-0.366226
-0.365106
-0.363682
-0.361799
-0.359303
-0.356061
-0.351977
-0.347085
-0.341596
-0.335958
-0.330785
-0.326765
-0.324501
-0.324275
-0.326005
-0.329301
-0.333604
-0.338322
-0.34294
-0.347056
-0.350392
-0.35277
-0.354116
-0.354411
-0.353744
-0.352266
-0.350225
-0.347933
-0.34583
-0.344344
-0.343857
-0.344598
-0.346587
-0.349657
-0.353496
-0.357727
-0.362015
-0.36614
-0.369916
-0.373265
-0.376153
-0.378576
-0.380529
-0.381995
-0.382966
-0.383389
-0.383203
-0.382342
-0.380704
-0.37819
-0.374732
-0.370314
-0.364977
-0.358931
-0.352553
-0.34636
-0.341037
-0.337246
-0.335471
-0.335847
-0.338115
-0.341684
-0.345821
-0.349838
-0.353231
-0.355744
-0.357361
-0.358258
-0.358727
-0.359122
-0.35977
-0.360893
-0.362592
-0.364803
-0.36734
-0.369987
-0.372519
-0.374772
-0.376627
-0.37803
-0.378991
-0.379563
-0.379825
-0.379913
-0.379972
-0.380141
-0.380549
-0.381307
-0.382449
-0.383968
-0.385794
-0.387824
-0.389915
-0.391922
-0.393718
-0.395186
-0.396214
-0.396696
-0.396538
-0.395638
-0.393883
-0.391167
-0.38741
-0.382611
-0.376827
-0.370273
-0.3634
-0.356793
-0.35115
-0.347172
-0.345306
-0.345673
-0.348024
-0.351847
-0.35649
-0.36135
-0.365957
-0.370023
-0.373435
-0.376205
-0.378451
-0.380342
-0.382033
-0.383676
-0.385323
-0.387003
-0.388691
-0.390329
-0.391856
-0.393186
-0.394262
-0.395037
-0.395457
-0.395475
-0.395077
-0.394259
-0.393062
-0.391563
-0.389892
-0.388223
-0.386757
-0.385694
-0.385147
-0.385177
-0.385718
-0.386637
-0.387735
-0.388797
-0.389635
-0.3901
-0.390023
-0.38929
-0.387778
-0.385389
-0.382052
-0.377812
-0.372904
-0.367946
-0.363839
-0.3616
-0.361992
-0.365105
-0.370246
-0.376295
-0.382094
-0.3868
-0.389997
-0.391612
-0.391727
-0.390564
-0.388319
-0.385185
-0.38132
-0.376842
-0.371896
-0.366698
-0.36155
-0.356857
-0.353144
-0.350921
-0.350586
-0.352295
-0.355926
-0.361092
-0.367224
-0.373707
-0.379977
-0.385623
-0.390369
-0.394105
-0.396829
-0.398623
-0.399611
-0.399964
-0.399829
-0.399328
-0.398571
-0.397613
-0.396477
-0.395135
-0.393529
-0.391595
-0.389279
-0.386581
-0.383557
-0.380342
-0.377134
-0.374112
-0.371398
-0.369008
-0.36686
-0.364864
-0.36305
-0.361629
-0.361044
-0.361773
-0.364118
-0.368027
-0.373057
-0.37853
-0.383808
-0.388407
-0.392058
-0.394639
-0.396154
-0.396689
-0.396352
-0.395242
-0.393492
-0.39121
-0.388514
-0.385572
-0.382558
-0.379633
-0.377012
-0.374877
-0.373376
-0.372625
-0.372652
-0.373421
-0.374835
-0.376754
-0.379008
-0.381438
-0.383898
-0.386297
-0.388537
-0.3906
-0.392448
-0.394069
-0.395485
-0.396706
-0.397746
-0.398656
-0.399458
-0.400191
-0.4009
-0.401621
-0.402363
-0.403157
-0.404011
-0.40492
-0.405901
-0.407024
-0.408334
-0.409902
-0.411799
-0.414019
-0.416556
-0.419311
-0.422181
-0.425042
-0.427768
-0.430287
-0.432506
-0.434391
-0.435893
-0.436957
-0.437522
-0.437513
-0.436815
-0.435294
-0.432799
-0.42915
-0.424227
-0.417916
-0.410255
-0.40149
-0.392128
-0.383079
-0.375586
-0.370995
-0.370416
-0.374223
-0.381874
-0.392075
-0.403258
-0.414024
-0.423432
-0.430997
-0.436603
-0.440341
-0.442462
-0.443226
-0.442932
-0.441894
-0.440421
-0.438772
-0.437225
-0.435982
-0.435227
-0.43506
-0.435557
-0.436706
-0.438457
-0.4407
-0.44327
-0.445983
-0.448624
-0.450978
-0.452826
-0.45396
-0.454184
-0.453368
-0.451391
-0.448261
-0.444103
-0.439181
-0.433877
-0.42862
-0.423704
-0.419149
-0.414687
-0.409814
-0.404086
-0.397337
-0.389972
-0.382965
-0.377713
-0.375516
-0.377034
-0.38199
-0.389264
-0.397434
-0.405286
-0.412127
-0.417748
-0.422264
-0.425935
-0.429024
-0.431701
-0.434085
-0.436198
-0.438063
-0.439701
-0.441111
-0.44232
-0.443361
-0.444248
-0.444981
-0.445545
-0.445917
-0.446038
-0.445892
-0.445381
-0.444452
-0.443051
-0.441122
-0.438616
-0.435518
-0.431773
-0.427356
-0.422188
-0.41618
-0.409205
-0.401199
-0.39227
-0.382891
-0.373992
-0.366905
-0.363002
-0.363181
-0.367483
-0.375166
-0.385009
-0.395673
-0.405981
-0.41504
-0.42226
-0.427355
-0.430288
-0.431206
-0.430417
-0.428307
-0.425301
-0.421835
-0.418231
-0.414707
-0.411343
-0.40815
-0.405148
-0.40239
-0.399941
-0.397844
-0.395986
-0.394158
-0.392091
-0.389578
-0.386684
-0.38383
-0.38183
-0.381563
-0.383604
-0.387865
-0.393589
-0.399575
-0.404736
-0.408345
-0.410261
-0.410872
-0.410959
-0.411462
-0.413162
-0.41647
-0.421256
-0.427044
-0.43319
-0.439106
-0.444414
-0.448953
-0.452696
-0.455737
-0.458205
-0.46023
-0.461932
-0.463418
-0.464731
-0.465938
-0.46702
-0.467984
-0.468781
-0.469369
-0.469661
-0.469589
-0.46907
-0.468032
-0.466427
-0.46431
-0.461799
-0.459136
-0.456625
-0.454586
-0.453259
-0.452661
-0.452563
-0.452528
-0.45196
-0.450321
-0.447239
-0.442752
-0.437447
-0.432523
-0.429631
-0.430263
-0.435071
-0.44356
-0.454322
-0.465687
-0.476328
-0.485414
-0.492573
-0.497765
-0.501117
-0.502831
-0.50317
-0.502384
-0.500758
-0.498521
-0.495844
-0.492857
-0.489659
-0.486306
-0.482893
-0.479618
-0.47679
-0.474829
-0.474147
-0.475081
-0.477649
-0.481588
-0.48634
-0.491174
-0.495386
-0.498405
-0.499891
-0.499777
-0.498254
-0.495749
-0.492837
-0.49015
-0.488273
-0.487566
-0.488115
-0.489656
-0.491719
-0.493711
-0.495092
-0.495513
-0.494936
-0.493665
-0.492252
-0.491299
-0.491159
-0.491779
-0.492695
-0.493255
-0.492808
-0.490921
-0.48742
-0.48234
-0.475953
-0.46873
-0.461354
-0.45466
-0.449465
-0.446414
-0.445694
-0.44704
-0.44985
-0.453331
-0.45678
-0.45967
-0.461715
-0.462807
-0.463025
-0.462486
-0.461396
-0.459965
-0.45839
-0.456828
-0.455431
-0.454256
-0.453358
-0.452724
-0.452265
-0.451863
-0.451353
-0.45056
-0.449272
-0.447234
-0.444186
-0.439826
-0.433842
-0.425993
-0.41626
-0.405094
-0.393698
-0.384002
-0.378122
-0.377321
-0.381231
-0.388135
-0.395975
-0.403247
-0.409265
-0.413981
-0.417684
-0.420705
-0.423329
-0.425727
-0.427963
-0.430047
-0.431959
-0.433623
-0.434953
-0.435864
-0.436212
-0.43586
-0.434633
-0.432349
-0.428871
-0.424137
-0.418218
-0.411478
-0.404526
-0.398283
-0.393795
-0.391955
-0.393199
-0.397323
-0.403553
-0.410823
-0.418056
-0.424403
-0.429373
-0.432772
-0.434615
-0.435054
-0.434322
-0.432713
-0.430553
-0.428162
-0.425863
-0.423951
-0.422617
-0.421923
-0.421754
-0.421878
-0.421944
-0.421595
-0.420583
-0.418752
-0.416118
-0.412837
-0.409151
-0.405381
-0.401816
-0.398726
-0.396361
-0.394929
-0.394617
-0.395504
-0.397555
-0.400555
-0.404145
-0.407891
-0.411414
-0.414454
-0.416957
-0.419105
-0.421223
-0.423645
-0.426623
-0.430216
-0.434254
-0.438467
-0.442492
-0.446065
-0.449006
-0.451256
-0.452853
-0.453862
-0.454395
-0.45453
-0.454333
-0.453822
-0.452978
-0.451702
-0.449838
-0.447166
-0.443444
-0.438394
-0.43182
-0.423738
-0.414505
-0.404961
-0.396395
-0.390303
-0.387816
-0.389286
-0.394108
-0.400989
-0.408457
-0.415238
-0.420466
-0.4237
-0.4248
-0.423792
-0.420794
-0.415915
-0.409273
-0.400986
-0.391263
-0.38045
-0.369158
-0.358238
-0.34873
-0.341651
-0.337783
-0.337464
-0.340663
-0.347069
-0.356057
-0.366744
-0.378075
-0.389032
-0.398791
-0.406866
-0.413072
-0.417404
-0.419976
-0.420944
-0.420474
-0.418746
-0.415937
-0.412245
-0.407929
-0.40328
-0.398572
-0.394075
-0.389924
-0.386073
-0.382346
-0.378464
-0.374283
-0.369867
-0.365605
-0.362159
-0.360176
-0.360117
-0.362016
-0.365489
-0.369908
-0.374625
-0.379128
-0.383046
-0.386178
-0.388453
-0.389878
-0.390547
-0.390542
-0.390008
-0.389095
-0.387944
-0.386684
-0.385396
-0.384149
-0.382942
-0.381751
-0.380557
-0.379314
-0.378006
-0.376635
-0.375271
-0.373973
-0.372832
-0.37192
-0.371302
-0.371002
-0.371027
-0.371321
-0.371802
-0.372374
-0.372959
-0.373454
-0.373764
-0.373833
-0.373583
-0.372978
-0.371963
-0.370471
-0.368437
-0.365839
-0.362673
-0.359025
-0.355101
-0.351214
-0.347785
-0.345263
-0.343952
-0.343914
-0.344945
-0.346634
-0.348457
-0.349941
-0.350808
-0.350928
-0.350377
-0.349341
-0.348161
-0.347161
-0.346702
-0.347081
-0.348469
-0.350859
-0.354079
-0.357793
-0.361629
-0.365234
-0.368386
-0.370955
-0.372927
-0.374367
-0.375384
-0.376103
-0.376644
-0.377076
-0.37748
-0.377885
-0.378291
-0.378708
-0.37912
-0.379497
-0.37984
-0.380127
-0.38034
-0.380467
-0.380501
-0.380414
-0.380197
-0.379803
-0.379218
-0.378413
-0.377326
-0.375913
-0.374149
-0.371996
-0.369441
-0.366498
-0.363223
-0.359707
-0.356075
-0.352539
-0.349322
-0.34666
-0.344739
-0.34368
-0.343505
-0.344129
-0.345422
-0.347216
-0.349359
-0.351749
-0.354328
-0.357053
-0.359875
-0.362722
-0.365505
-0.368116
-0.370478
-0.372502
-0.37415
-0.375396
-0.376254
-0.376735
-0.376892
-0.376743
-0.376351
-0.375755
-0.375006
-0.374144
-0.373209
-0.372254
-0.371328
-0.370498
-0.369812
-0.369345
-0.369148
-0.36929
-0.369821
-0.370734
-0.372013
-0.373615
-0.375435
-0.377375
-0.379332
-0.381234
-0.382983
-0.384553
-0.385894
-0.386979
-0.387812
-0.388372
-0.388681
-0.388737
-0.388536
-0.388105
-0.387435
-0.386563
-0.385505
-0.384307
-0.383023
-0.381738
-0.38053
-0.379479
-0.378653
-0.378129
-0.377919
-0.378003
-0.378344
-0.378874
-0.37951
-0.380188
-0.380845
-0.381462
-0.382052
-0.382663
-0.383365
-0.384255
-0.385405
-0.38689
-0.388713
-0.390833
-0.393167
-0.395589
-0.397965
-0.400171
-0.402061
-0.403536
-0.404497
-0.404821
-0.40437
-0.402968
-0.400363
-0.39629
-0.390554
-0.383227
-0.374911
-0.366931
-0.361178
-0.359372
-0.362099
-0.368399
-0.376359
-0.384034
-0.390151
-0.394202
-0.396215
-0.396531
-0.395596
-0.393886
-0.391906
-0.390149
-0.389045
-0.388968
-0.390143
-0.392606
-0.396184
-0.400564
-0.405329
-0.410041
-0.414257
-0.417599
-0.419692
-0.420178
-0.418696
-0.414973
-0.408894
-0.400838
-0.391847
-0.383771
-0.378698
-0.378046
-0.381655
-0.387974
-0.394988
-0.401162
-0.405797
-0.408873
-0.410765
-0.411942
-0.412822
-0.413682
-0.414659
-0.415745
-0.416871
-0.417927
-0.418801
-0.419386
-0.419629
-0.419522
-0.419095
-0.418427
-0.417654
-0.416887
-0.416277
-0.415908
-0.415789
-0.415881
-0.41609
-0.416251
-0.416224
-0.415835
-0.414991
-0.413708
-0.4121
-0.410378
-0.408843
-0.407832
-0.407605
-0.408263
-0.409777
-0.41193
-0.414497
-0.41723
-0.41997
-0.422625
-0.425201
-0.427739
-0.430269
-0.432815
-0.435405
-0.437973
-0.440479
-0.442813
-0.444909
-0.446675
-0.448057
-0.448971
-0.449356
-0.449151
-0.448326
-0.446841
-0.44468
-0.44188
-0.438515
-0.434661
-0.430477
-0.426129
-0.421796
-0.417639
-0.413797
-0.410341
-0.407375
-0.404974
-0.403233
-0.402316
-0.402307
-0.403258
-0.405128
-0.407824
-0.411185
-0.415005
-0.419054
-0.423106
-0.426975
-0.43045
-0.433385
-0.435626
-0.437092
-0.437662
-0.437248
-0.43583
-0.433423
-0.430192
-0.426417
-0.422571
-0.419245
-0.416999
-0.416175
-0.416754
-0.41845
-0.420785
-0.423311
-0.425723
-0.427869
-0.429732
-0.431358
-0.432785
-0.43405
-0.435121
-0.435947
-0.436441
-0.43652
-0.436116
-0.435158
-0.433633
-0.431558
-0.428991
-0.426023
-0.422781
-0.419379
-0.415943
-0.412571
-0.40933
-0.406249
-0.403311
-0.40049
-0.397751
-0.395081
-0.392516
-0.39016
-0.388171
-0.386721
-0.385934
-0.385777
-0.385979
-0.386067
-0.385442
-0.383473
-0.379768
-0.374387
-0.368144
-0.362593
-0.359682
-0.360883
-0.366308
-0.37469
-0.384115
-0.392894
-0.400046
-0.405244
-0.408571
-0.410325
-0.410803
-0.410275
-0.408962
-0.407012
-0.404536
-0.40161
-0.398312
-0.394668
-0.390745
-0.386625
-0.382382
-0.378116
-0.373965
-0.370072
-0.366578
-0.363604
-0.361243
-0.35957
-0.358602
-0.358338
-0.358725
-0.359683
-0.361132
-0.362944
-0.365
-0.367166
-0.369295
-0.371223
-0.37284
-0.373983
-0.374518
-0.374319
-0.373269
-0.37132
-0.368489
-0.364873
-0.360728
-0.356382
-0.352256
-0.348809
-0.346433
-0.345312
-0.34545
-0.346654
-0.348536
-0.350679
-0.352677
-0.35423
-0.355173
-0.35546
-0.355192
-0.354508
-0.353585
-0.352598
-0.351671
-0.350896
-0.350352
-0.350031
-0.349954
-0.350093
-0.350404
-0.350829
-0.35131
-0.351773
-0.352136
-0.352322
-0.352261
-0.351907
-0.351247
-0.350291
-0.349086
-0.347723
-0.346333
-0.345058
-0.344024
-0.343377
-0.343229
-0.343645
-0.344618
-0.346136
-0.348078
-0.350311
-0.35267
-0.354999
-0.357181
-0.359143
-0.360835
-0.362243
-0.363391
-0.36431
-0.365052
-0.365641
-0.366125
-0.366541
-0.366902
-0.36724
-0.367535
-0.367782
-0.36794
-0.367936
-0.367671
-0.366975
-0.365627
-0.363373
-0.359884
-0.354843
-0.348088
-0.339714
-0.330376
-0.321299
-0.314093
-0.310173
-0.310142
-0.313637
-0.319748
-0.327572
-0.336407
-0.345735
-0.355048
-0.363883
-0.371841
-0.378627
-0.384144
-0.388378
-0.391372
-0.3932
-0.393915
-0.393545
-0.392055
-0.389409
-0.385562
-0.380494
-0.374281
-0.367106
-0.35934
-0.351533
-0.344361
-0.338499
-0.334491
-0.332671
-0.333054
-0.335461
-0.339514
-0.344696
-0.35041
-0.355995
-0.360877
-0.364593
-0.366829
-0.367526
-0.366797
-0.365
-0.362651
-0.360317
-0.358604
-0.358022
-0.358877
-0.361253
-0.365024
-0.369884
-0.375407
-0.381124
-0.38664
-0.391606
-0.395787
-0.399052
-0.40134
-0.402682
-0.403158
-0.402869
-0.401963
-0.400622
-0.399016
-0.397349
-0.395828
-0.394633
-0.393899
-0.393724
-0.394147
-0.395129
-0.396598
-0.398443
-0.40051
-0.402683
-0.404824
-0.406822
-0.408591
-0.410069
-0.411214
-0.41201
-0.412473
-0.412585
-0.412392
-0.411885
-0.41106
-0.409886
-0.408308
-0.406237
-0.403603
-0.400375
-0.39665
-0.392658
-0.388801
-0.385562
-0.383395
-0.382574
-0.383085
-0.384731
-0.38721
-0.390227
-0.393653
-0.397491
-0.401743
-0.406336
-0.411084
-0.415732
-0.420021
-0.423769
-0.426927
-0.429521
-0.431665
-0.433462
-0.435036
-0.436455
-0.437761
-0.43894
-0.439957
-0.440768
-0.441316
-0.441549
-0.441409
-0.440874
-0.439917
-0.438594
-0.436936
-0.435037
-0.432994
-0.430894
-0.428814
-0.426756
-0.424665
-0.422431
-0.419923
-0.416968
-0.413474
-0.409438
-0.405054
-0.400746
-0.397161
-0.395031
-0.39488
-0.396752
-0.400169
-0.404324
-0.40837
-0.411676
-0.413948
-0.415134
-0.415397
-0.414941
-0.414
-0.412741
-0.411267
-0.409614
-0.407806
-0.405827
-0.403633
-0.401208
-0.398512
-0.395501
-0.392086
-0.388168
-0.383598
-0.378303
-0.372362
-0.366142
-0.360476
-0.35647
-0.355235
-0.35737
-0.362667
-0.370197
-0.37876
-0.387307
-0.395151
-0.401964
-0.407642
-0.412224
-0.415721
-0.418173
-0.419578
-0.419898
-0.419107
-0.417149
-0.414039
-0.409835
-0.404698
-0.398961
-0.393079
-0.387621
-0.383104
-0.37993
-0.378221
-0.377838
-0.37843
-0.379565
-0.380833
-0.381895
-0.382559
-0.38276
-0.382553
-0.382099
-0.38162
-0.381352
-0.381493
-0.382184
-0.383448
-0.385172
-0.387215
-0.389374
-0.39146
-0.393331
-0.394877
-0.396064
-0.396904
-0.39741
-0.397642
-0.397656
-0.397494
-0.397186
-0.396721
-0.39605
-0.395094
-0.393727
-0.391821
-0.389237
-0.385876
-0.38168
-0.376697
-0.371131
-0.365368
-0.359975
-0.355605
-0.352937
-0.352457
-0.354353
-0.358434
-0.364228
-0.371084
-0.37835
-0.385507
-0.392174
-0.398159
-0.403354
-0.407763
-0.411419
-0.414401
-0.416764
-0.418596
-0.419952
-0.420902
-0.421524
-0.421864
-0.421991
-0.421995
-0.421962
-0.421963
-0.422082
-0.422414
-0.422969
-0.423768
-0.424775
-0.425886
-0.427
-0.427989
-0.428762
-0.4293
-0.429657
-0.429972
-0.430449
-0.431279
-0.43253
-0.434132
-0.435843
-0.437303
-0.438092
-0.437811
-0.436194
-0.433057
-0.428383
-0.422288
-0.415032
-0.407058
-0.398993
-0.391631
-0.385743
-0.382054
-0.381004
-0.382785
-0.387407
-0.394688
-0.404195
-0.415227
-0.426839
-0.438034
-0.448005
-0.456223
-0.462528
-0.466993
-0.469832
-0.471355
-0.471873
-0.471667
-0.470981
-0.469979
-0.468791
-0.467464
-0.466012
-0.464388
-0.46253
-0.460341
-0.457734
-0.454623
-0.450943
-0.446711
-0.441991
-0.436982
-0.431987
-0.42742
-0.423659
-0.421028
-0.4197
-0.419617
-0.420623
-0.42246
-0.42487
-0.427523
-0.430103
-0.432293
-0.433852
-0.434603
-0.434457
-0.433398
-0.431486
-0.428801
-0.425449
-0.421591
-0.417493
-0.413446
-0.409795
-0.406854
-0.404846
-0.403813
-0.403682
-0.404244
-0.405261
-0.406495
-0.407793
-0.40907
-0.410264
-0.411371
-0.412382
-0.41331
-0.414134
-0.414848
-0.415452
-0.415916
-0.416208
-0.416306
-0.416179
-0.415786
-0.415104
-0.414093
-0.412745
-0.411022
-0.40894
-0.406536
-0.403852
-0.400972
-0.398028
-0.395184
-0.392605
-0.390443
-0.388841
-0.387841
-0.387431
-0.387495
-0.387852
-0.388268
-0.388544
-0.388482
-0.387999
-0.38709
-0.385915
-0.384716
-0.383796
-0.383494
-0.384024
-0.385446
-0.387671
-0.390479
-0.393567
-0.396703
-0.399643
-0.402241
-0.40441
-0.406082
-0.407196
-0.407704
-0.407574
-0.406756
-0.405225
-0.402979
-0.400023
-0.396379
-0.392082
-0.387233
-0.382017
-0.376705
-0.371738
-0.367664
-0.365064
-0.364363
-0.365683
-0.368704
-0.372734
-0.376878
-0.38036
-0.382614
-0.38347
-0.383097
-0.381886
-0.380339
-0.378902
-0.377846
-0.377266
-0.377142
-0.377409
-0.378046
-0.379092
-0.380609
-0.382668
-0.38524
-0.388201
-0.391359
-0.394487
-0.397414
-0.400005
-0.402135
-0.403783
-0.404973
-0.405718
-0.406067
-0.406053
-0.40572
-0.405098
-0.404201
-0.403032
-0.401624
-0.399993
-0.398206
-0.396312
-0.394403
-0.39256
-0.390882
-0.389436
-0.388244
-0.387297
-0.386529
-0.385834
-0.385099
-0.38421
-0.383095
-0.38173
-0.380206
-0.378657
-0.377285
-0.376318
-0.375966
-0.376321
-0.377393
-0.379048
-0.38108
-0.38327
-0.385351
-0.387177
-0.388652
-0.389756
-0.390534
-0.391073
-0.391495
-0.391896
-0.392406
-0.393061
-0.393893
-0.394862
-0.395898
-0.396947
-0.397911
-0.398657
-0.399077
-0.399085
-0.398589
-0.397523
-0.395838
-0.393522
-0.390576
-0.387081
-0.383142
-0.378934
-0.374637
-0.37047
-0.366645
-0.363316
-0.360647
-0.358754
-0.357732
-0.357626
-0.358474
-0.36027
-0.362926
-0.366328
-0.370294
-0.374593
-0.378959
-0.383118
-0.386839
-0.389898
-0.39215
-0.393488
-0.393879
-0.393346
-0.391969
-0.389835
-0.387067
-0.383729
-0.379763
-0.375009
-0.369224
-0.362295
-0.354504
-0.346768
-0.340605
-0.337609
-0.338602
-0.343159
-0.349891
-0.357174
-0.363828
-0.369262
-0.373363
-0.376277
-0.378192
-0.379328
-0.379903
-0.380124
-0.380214
-0.380393
-0.380903
-0.381914
-0.383525
-0.385721
-0.388387
-0.3913
-0.394211
-0.396881
-0.399079
-0.400653
-0.401472
-0.401501
-0.400737
-0.399264
-0.397196
-0.394679
-0.391917
-0.389114
-0.386437
-0.383985
-0.38178
-0.379719
-0.377615
-0.375263
-0.372448
-0.369068
-0.365129
-0.360798
-0.356299
-0.351957
-0.348048
-0.344857
-0.342699
-0.341973
-0.343048
-0.346177
-0.35128
-0.357899
-0.365329
-0.372789
-0.379664
-0.385546
-0.39028
-0.393885
-0.39647
-0.398199
-0.399234
-0.399711
-0.399794
-0.399562
-0.399082
-0.398407
-0.397546
-0.396493
-0.395236
-0.393724
-0.391841
-0.389504
-0.386599
-0.383012
-0.378694
-0.373709
-0.368292
-0.362906
-0.358169
-0.354744
-0.353135
-0.353475
-0.35548
-0.358548
-0.362018
-0.365306
-0.368041
-0.370052
-0.371315
-0.371919
-0.37201
-0.371743
-0.371279
-0.370786
-0.370405
-0.370266
-0.370469
-0.371064
-0.372067
-0.373413
-0.37505
-0.376866
-0.378755
-0.380606
-0.382339
-0.383861
-0.385129
-0.386129
-0.386863
-0.387335
-0.387568
-0.387595
-0.387443
-0.387153
-0.386758
-0.386306
-0.385832
-0.385387
-0.385011
-0.384755
-0.384642
-0.384659
-0.384811
-0.385066
-0.385356
-0.385629
-0.385808
-0.385842
-0.385706
-0.385414
-0.385013
-0.3846
-0.384267
-0.384109
-0.38417
-0.384471
-0.385008
-0.385748
-0.386682
-0.387803
-0.389099
-0.390571
-0.392165
-0.393806
-0.395393
-0.396815
-0.398023
-0.399011
-0.399841
-0.400658
-0.401595
-0.402783
-0.404256
-0.40595
-0.407729
-0.409417
-0.410876
-0.41205
-0.412958
-0.413661
-0.414253
-0.414782
-0.415225
-0.415509
-0.415517
-0.415175
-0.414435
-0.413321
-0.411906
-0.410295
-0.408545
-0.406681
-0.404706
-0.402627
-0.400478
-0.39838
-0.396559
-0.395245
-0.394656
-0.39491
-0.395983
-0.397769
-0.400104
-0.402814
-0.405741
-0.408774
-0.411784
-0.414706
-0.417419
-0.419839
-0.421872
-0.423448
-0.424473
-0.424864
-0.424511
-0.423295
-0.42112
-0.417926
-0.41376
-0.40885
-0.40369
-0.398976
-0.395506
-0.393897
-0.394383
-0.396654
-0.400039
-0.403759
-0.407122
-0.40968
-0.411231
-0.411717
-0.411189
-0.409757
-0.407558
-0.404749
-0.401531
-0.398147
-0.394939
-0.392277
-0.390557
-0.390068
-0.390982
-0.393251
-0.396645
-0.400788
-0.40529
-0.4098
-0.414023
-0.417756
-0.420878
-0.423314
-0.424976
-0.425837
-0.425855
-0.425014
-0.423297
-0.420756
-0.417461
-0.413504
-0.408967
-0.403931
-0.398411
-0.392379
-0.38583
-0.378771
-0.371319
-0.363808
-0.356763
-0.350908
-0.346942
-0.345306
-0.34602
-0.34862
-0.352446
-0.356861
-0.361442
-0.365996
-0.370469
-0.374827
-0.379024
-0.382955
-0.386516
-0.389602
-0.392135
-0.394078
-0.395396
-0.396109
-0.396298
-0.396017
-0.395418
-0.39464
-0.393856
-0.393252
-0.393019
-0.3933
-0.39419
-0.395755
-0.397952
-0.400689
-0.403817
-0.40714
-0.410413
-0.41338
-0.415776
-0.417312
-0.417661
-0.416427
-0.413126
-0.407209
-0.398135
-0.385644
-0.370155
-0.353386
-0.338459
-0.329023
-0.327312
-0.3328
-0.342791
-0.354172
-0.364744
-0.373387
-0.379709
-0.383695
-0.385492
-0.385275
-0.383266
-0.379718
-0.374943
-0.369298
-0.363152
-0.356932
-0.351111
-0.346241
-0.343022
-0.342248
-0.344575
-0.350135
-0.358395
-0.368245
-0.378391
-0.387739
-0.395577
-0.401536
-0.40553
-0.407587
-0.407856
-0.406502
-0.403765
-0.399938
-0.395412
-0.390655
-0.386157
-0.382374
-0.379637
-0.378087
-0.377698
-0.378296
-0.379655
-0.381533
-0.383751
-0.386128
-0.388558
-0.390911
-0.393081
-0.394929
-0.396324
-0.397134
-0.397263
-0.396656
-0.395279
-0.393162
-0.390396
-0.387125
-0.383547
-0.379934
-0.376578
-0.373695
-0.371486
-0.370008
-0.369199
-0.368885
-0.368825
-0.368774
-0.368489
-0.367799
-0.366607
-0.364926
-0.362917
-0.360849
-0.359165
-0.358333
-0.358806
-0.360798
-0.364233
-0.36875
-0.373833
-0.378901
-0.383514
-0.387359
-0.390278
-0.392225
-0.393192
-0.393244
-0.39243
-0.390811
-0.388441
-0.385385
-0.381763
-0.377725
-0.373462
-0.369189
-0.365106
-0.361382
-0.358061
-0.355061
-0.352246
-0.349438
-0.346532
-0.343583
-0.340821
-0.338615
-0.337379
-0.337416
-0.33871
-0.340905
-0.343281
-0.344888
-0.344839
-0.34257
-0.338219
-0.33295
-0.328884
-0.32834
-0.332552
-0.340898
-0.351321
-0.361581
-0.370095
-0.376195
-0.37986
-0.381392
-0.381154
-0.379533
-0.376839
-0.373382
-0.369481
-0.365454
-0.361656
-0.358408
-0.356006
-0.354649
-0.354419
-0.355238
-0.356933
-0.359255
-0.361993
-0.364913
-0.367884
-0.370823
-0.373717
-0.376584
-0.379463
-0.382385
-0.385365
-0.388387
-0.391398
-0.394331
-0.397085
-0.39954
-0.401588
-0.403132
-0.404071
-0.404378
-0.404054
-0.40318
-0.401878
-0.400364
-0.398855
-0.397617
-0.396838
-0.396639
-0.397028
-0.397922
-0.399126
-0.400366
-0.40137
-0.401858
-0.401598
-0.400465
-0.398458
-0.395709
-0.392497
-0.389216
-0.386328
-0.384305
-0.383579
-0.384446
-0.387003
-0.391136
-0.396512
-0.40265
-0.408983
-0.415012
-0.420351
-0.424749
-0.428074
-0.430311
-0.431528
-0.431856
-0.431435
-0.430444
-0.429068
-0.427497
-0.425898
-0.424429
-0.423216
-0.422338
-0.421823
-0.421704
-0.421916
-0.42241
-0.423136
-0.424015
-0.424984
-0.425995
-0.427002
-0.427971
-0.428883
-0.429724
-0.430477
-0.43112
-0.431666
-0.432115
-0.432443
-0.432644
-0.432705
-0.432585
-0.432257
-0.431649
-0.43072
-0.429367
-0.427473
-0.424938
-0.421636
-0.417497
-0.412476
-0.406617
-0.400068
-0.392995
-0.385542
-0.377725
-0.369512
-0.360981
-0.352488
-0.344695
-0.338292
-0.333697
-0.331166
-0.331136
-0.334333
-0.341306
-0.351819
-0.364771
-0.378637
-0.392097
-0.404305
-0.414872
-0.423705
-0.430872
-0.436508
-0.440798
-0.443917
-0.446059
-0.447391
-0.448086
-0.448268
-0.44808
-0.447602
-0.446914
-0.446041
-0.445038
-0.443929
-0.442699
-0.441337
-0.439811
-0.438085
-0.436051
-0.433654
-0.430784
-0.427376
-0.423377
-0.418849
-0.413984
-0.409152
-0.404896
-0.401858
-0.400671
-0.401723
-0.405098
-0.410474
-0.417233
-0.42465
-0.432041
-0.438875
-0.44481
-0.449666
-0.453385
-0.45599
-0.457539
-0.458128
-0.457838
-0.456743
-0.454921
-0.452431
-0.449329
-0.445609
-0.441264
-0.436299
-0.43078
-0.424953
-0.419297
-0.414475
-0.411106
-0.409556
-0.409688
-0.41085
-0.412079
-0.412386
-0.410922
-0.407183
-0.401233
-0.394021
-0.387525
-0.384337
-0.386369
-0.393594
-0.404056
-0.415077
-0.424521
-0.431295
-0.435235
-0.436642
-0.435982
-0.433748
-0.430399
-0.426411
-0.422263
-0.418419
-0.415335
-0.413366
-0.41266
-0.413147
-0.414539
-0.416422
-0.418342
-0.419911
-0.420822
-0.420907
-0.420072
-0.418332
-0.415789
-0.412708
-0.409413
-0.406325
-0.403894
-0.402429
-0.402072
-0.40271
-0.404046
-0.405634
-0.407064
-0.408022
-0.408284
-0.407802
-0.40658
-0.404745
-0.402495
-0.40008
-0.397789
-0.395913
-0.394709
-0.394337
-0.394797
-0.395963
-0.397526
-0.399061
-0.400023
-0.399836
-0.397829
-0.393335
-0.385687
-0.374375
-0.359359
-0.341635
-0.323803
-0.310031
-0.30447
-0.308767
-0.320858
-0.336543
-0.352076
-0.365529
-0.376598
-0.385727
-0.393468
-0.400167
-0.405943
-0.410742
-0.414517
-0.41729
-0.419116
-0.420161
-0.420637
-0.420724
-0.420642
-0.420556
-0.420601
-0.420835
-0.42129
-0.421956
-0.42276
-0.423622
-0.424474
-0.425193
-0.425723
-0.426012
-0.426027
-0.425792
-0.425386
-0.424932
-0.424557
-0.424395
-0.424576
-0.425139
-0.426041
-0.427162
-0.428324
-0.429349
-0.430038
-0.430337
-0.43025
-0.429905
-0.429509
-0.429308
-0.429458
-0.429991
-0.430788
-0.431585
-0.432094
-0.432047
-0.431258
-0.429618
-0.42713
-0.424007
-0.420786
-0.418278
-0.417345
-0.418483
-0.421449
-0.425295
-0.42862
-0.429952
-0.427964
-0.42158
-0.410154
-0.393933
-0.374734
-0.356314
-0.343466
-0.339651
-0.345029
-0.357005
-0.372336
-0.388539
-0.404045
-0.417906
-0.429576
-0.438839
-0.445787
-0.450735
-0.454109
-0.456307
-0.457707
-0.458625
-0.459267
-0.459754
-0.46014
-0.460434
-0.460627
-0.460686
-0.460574
-0.460277
-0.459734
-0.458946
-0.457867
-0.456454
-0.454631
-0.452306
-0.449384
-0.445738
-0.441276
-0.435967
-0.429932
-0.423483
-0.417185
-0.411727
-0.407819
-0.405864
-0.405811
-0.407148
-0.409135
-0.411027
-0.412329
-0.412846
-0.412639
-0.411977
-0.411219
-0.410693
-0.410636
-0.411119
-0.412066
-0.413265
-0.414464
-0.415373
-0.415729
-0.415281
-0.413819
-0.411108
-0.407002
-0.401428
-0.394468
-0.386494
-0.378205
-0.370501
-0.36424
-0.359906
-0.357364
-0.356029
-0.355249
-0.354716
-0.354677
-0.355706
-0.358369
-0.362827
-0.368659
-0.375058
-0.381088
-0.386074
-0.389659
-0.391837
-0.392872
-0.393229
-0.393402
-0.393809
-0.394682
-0.396035
-0.397717
-0.399415
-0.400788
-0.401562
-0.401509
-0.400431
-0.398218
-0.394762
-0.389978
-0.383803
-0.376327
-0.367818
-0.358825
-0.350253
-0.34328
-0.339012
-0.338139
-0.34067
-0.345902
-0.352727
-0.360035
-0.366949
-0.372899
-0.377606
-0.380966
-0.382989
-0.383706
-0.383173
-0.381417
-0.378528
-0.374664
-0.370105
-0.365322
-0.360942
-0.35764
-0.355957
-0.356073
-0.357741
-0.36037
-0.363234
-0.365679
-0.367197
-0.367558
-0.366703
-0.364751
-0.36198
-0.358821
-0.355813
-0.353531
-0.352476
-0.352967
-0.355083
-0.358598
-0.363131
-0.368216
-0.373445
-0.378482
-0.383102
-0.387166
-0.390597
-0.393366
-0.395454
-0.396799
-0.397349
-0.396988
-0.395576
-0.392987
-0.389119
-0.384079
-0.378293
-0.372666
-0.368465
-0.366975
-0.368928
-0.374082
-0.381388
-0.389458
-0.397093
-0.403552
-0.408543
-0.41206
-0.414209
-0.415162
-0.41504
-0.413965
-0.412009
-0.409225
-0.405679
-0.401456
-0.396687
-0.391579
-0.386421
-0.381638
-0.377693
-0.375056
-0.374053
-0.374782
-0.377057
-0.38046
-0.384475
-0.388567
-0.392335
-0.395513
-0.398014
-0.39984
-0.401031
-0.401642
-0.401755
-0.401449
-0.400765
-0.399804
-0.398618
-0.397267
-0.395754
-0.394039
-0.392049
-0.389704
-0.38697
-0.383889
-0.380639
-0.377541
-0.374987
-0.373406
-0.373155
-0.374376
-0.376982
-0.380652
-0.38495
-0.389431
-0.393726
-0.397585
-0.400889
-0.403621
-0.405799
-0.407464
-0.408678
-0.409478
-0.409894
-0.409956
-0.409653
-0.408981
-0.40788
-0.406285
-0.404109
-0.401239
-0.397571
-0.393038
-0.387564
-0.381257
-0.374358
-0.3673
-0.360693
-0.355252
-0.351597
-0.350064
-0.350656
-0.353053
-0.356716
-0.36108
-0.365644
-0.369991
-0.373826
-0.376964
-0.379346
-0.381064
-0.382327
-0.383403
-0.384571
-0.386077
-0.388037
-0.390465
-0.393242
-0.396234
-0.399274
-0.402258
-0.405122
-0.407856
-0.410446
-0.412919
-0.415283
-0.417543
-0.419697
-0.421726
-0.423605
-0.425309
-0.426813
-0.428087
-0.429113
-0.429864
-0.430344
-0.430541
-0.430424
-0.429965
-0.429135
-0.427932
-0.426375
-0.424564
-0.422659
-0.420916
-0.419656
-0.419245
-0.419982
-0.422053
-0.425446
-0.429912
-0.435052
-0.44032
-0.445171
-0.449141
-0.451954
-0.453637
-0.454501
-0.455136
-0.456216
-0.458221
-0.461215
-0.464779
-0.468114
-0.470352
-0.470752
-0.468885
-0.464666
-0.458415
-0.45084
-0.442978
-0.435972
-0.430791
-0.4279
-0.427228
-0.428388
-0.431039
-0.435056
-0.440372
-0.446781
-0.453725
-0.460417
-0.466127
-0.470367
-0.472949
-0.473964
-0.47368
-0.472441
-0.470615
-0.468563
-0.466577
-0.464889
-0.463634
-0.462825
-0.462405
-0.46221
-0.461964
-0.461395
-0.460231
-0.458314
-0.455637
-0.4524
-0.449002
-0.44605
-0.444176
-0.443903
-0.445424
-0.448573
-0.452831
-0.457475
-0.461786
-0.465179
-0.467258
-0.467875
-0.467045
-0.464954
-0.461898
-0.458263
-0.454518
-0.451105
-0.448398
-0.446642
-0.445874
-0.445891
-0.446315
-0.446684
-0.446588
-0.445702
-0.443887
-0.441192
-0.43785
-0.434146
-0.430378
-0.426824
-0.423632
-0.420787
-0.418223
-0.415797
-0.413445
-0.411141
-0.409057
-0.407427
-0.406491
-0.406418
-0.407225
-0.408849
-0.411135
-0.413955
-0.417215
-0.420758
-0.424409
-0.427919
-0.430998
-0.433335
-0.434651
-0.434724
-0.433399
-0.430628
-0.426537
-0.421386
-0.415663
-0.410018
-0.405065
-0.401285
-0.398811
-0.397435
-0.39672
-0.396198
-0.395493
-0.394434
-0.393037
-0.391446
-0.389867
-0.388514
-0.387589
-0.387215
-0.38744
-0.388294
-0.389735
-0.391713
-0.394095
-0.396752
-0.399514
-0.402195
-0.404573
-0.406477
-0.40778
-0.408403
-0.408306
-0.407514
-0.406068
-0.404069
-0.401665
-0.398986
-0.396175
-0.393417
-0.390846
-0.388623
-0.386854
-0.385608
-0.384937
-0.384799
-0.385156
-0.385925
-0.386978
-0.38818
-0.389416
-0.39059
-0.391617
-0.392431
-0.393014
-0.393387
-0.393555
-0.393608
-0.393609
-0.393671
-0.393883
-0.394338
-0.395096
-0.396173
-0.397536
-0.399062
-0.400588
-0.401892
-0.402736
-0.402851
-0.401983
-0.399915
-0.396484
-0.391628
-0.385375
-0.377955
-0.369683
-0.361068
-0.352747
-0.345494
-0.340133
-0.337493
-0.338142
-0.342256
-0.349494
-0.359108
-0.370121
-0.381574
-0.392684
-0.40287
-0.411768
-0.419192
-0.425037
-0.429283
-0.43199
-0.433232
-0.433136
-0.431881
-0.429742
-0.427081
-0.424352
-0.422065
-0.420696
-0.420547
-0.421703
-0.423974
-0.426976
-0.430286
-0.433508
-0.43635
-0.438624
-0.440259
-0.441224
-0.441527
-0.44115
-0.440087
-0.438299
-0.435674
-0.431994
-0.42694
-0.420009
-0.410676
-0.39859
-0.383934
-0.367821
-0.352246
-0.339617
-0.331658
-0.328647
-0.329773
-0.334216
-0.341946
-0.353305
-0.367975
-0.384378
-0.400199
-0.413386
-0.422822
-0.42854
-0.431506
-0.433089
-0.43457
-0.436696
-0.439492
-0.442454
-0.444939
-0.446442
-0.446771
-0.446017
-0.444517
-0.442641
-0.440769
-0.439153
-0.437911
-0.436997
-0.436231
-0.435351
-0.434056
-0.432124
-0.429354
-0.425652
-0.421037
-0.415654
-0.409743
-0.403606
-0.397486
-0.391619
-0.386181
-0.381339
-0.377246
-0.374088
-0.372009
-0.371124
-0.371522
-0.37326
-0.376345
-0.38057
-0.385482
-0.390353
-0.394303
-0.396541
-0.396462
-0.393847
-0.38898
-0.382712
-0.376448
-0.371814
-0.369996
-0.371277
-0.374859
-0.379409
-0.383668
-0.386829
-0.388577
-0.388975
-0.388279
-0.386799
-0.384866
-0.382787
-0.380807
-0.379123
-0.377867
-0.377112
-0.376877
-0.377102
-0.377719
-0.378588
-0.379594
-0.380631
-0.381593
-0.382382
-0.382928
-0.38317
-0.383055
-0.382552
-0.381614
-0.380223
-0.37837
-0.376041
-0.37325
-0.370052
-0.366526
-0.362832
-0.359159
-0.355752
-0.352861
-0.35071
-0.349451
-0.349144
-0.349744
-0.351055
-0.352831
-0.354756
-0.356497
-0.357768
-0.358325
-0.358023
-0.356847
-0.35495
-0.352651
-0.350428
-0.348807
-0.348242
-0.348973
-0.350937
-0.353817
-0.357185
-0.360619
-0.363791
-0.36651
-0.368706
-0.370369
-0.371553
-0.372326
-0.372756
-0.372909
-0.372865
-0.37267
-0.372367
-0.371998
-0.371597
-0.371189
-0.370788
-0.37042
-0.370092
-0.369821
-0.369602
-0.369438
-0.369324
-0.369247
-0.369181
-0.369106
-0.368976
-0.368728
-0.368317
-0.367717
-0.366894
-0.365854
-0.364587
-0.363173
-0.361687
-0.360205
-0.358855
-0.357716
-0.356882
-0.356426
-0.356443
-0.357055
-0.358341
-0.360352
-0.36301
-0.366122
-0.369406
-0.372571
-0.37534
-0.37754
-0.379078
-0.379956
-0.380266
-0.38012
-0.379659
-0.379015
-0.378305
-0.377602
-0.376947
-0.376349
-0.375785
-0.375196
-0.37455
-0.3738
-0.372923
-0.371931
-0.370885
-0.369838
-0.368883
-0.36809
-0.367488
-0.367091
-0.366804
-0.366495
-0.365947
-0.364893
-0.363047
-0.360059
-0.355611
-0.349463
-0.341534
-0.332175
-0.322419
-0.314191
-0.309901
-0.311452
-0.3191
-0.331155
-0.345004
-0.358324
-0.369709
-0.378686
-0.385347
-0.39006
-0.393226
-0.395211
-0.39631
-0.396771
-0.396743
-0.396349
-0.395679
-0.394788
-0.393697
-0.392446
-0.391057
-0.389567
-0.387966
-0.386269
-0.384468
-0.382552
-0.380563
-0.378564
-0.376707
-0.375251
-0.374474
-0.37466
-0.375942
-0.378274
-0.381438
-0.385069
-0.388789
-0.392265
-0.395259
-0.397575
-0.399167
-0.400042
-0.400407
-0.400641
-0.40122
-0.402649
-0.405235
-0.409001
-0.413643
-0.418707
-0.423688
-0.428162
-0.431873
-0.434684
-0.436533
-0.437495
-0.437634
-0.437037
-0.435819
-0.434089
-0.431948
-0.429489
-0.426795
-0.423949
-0.421
-0.417968
-0.414885
-0.411804
-0.4088
-0.406047
-0.403817
-0.402425
-0.402128
-0.403009
-0.404916
-0.407478
-0.410275
-0.412975
-0.415413
-0.417602
-0.419636
-0.421625
-0.423616
-0.425635
-0.427621
-0.429531
-0.431293
-0.432863
-0.434186
-0.43525
-0.436024
-0.436483
-0.436628
-0.436429
-0.435868
-0.434909
-0.433529
-0.431646
-0.429252
-0.426309
-0.422828
-0.418851
-0.414475
-0.409846
-0.405159
-0.400647
-0.396533
-0.393033
-0.390279
-0.388332
-0.387185
-0.386781
-0.387008
-0.387774
-0.388928
-0.390369
-0.391989
-0.39368
-0.395358
-0.396952
-0.398403
-0.399659
-0.400714
-0.401544
-0.402158
-0.402586
-0.402855
-0.402987
-0.403
-0.40294
-0.402832
-0.40273
-0.402636
-0.402569
-0.402568
-0.402626
-0.402774
-0.403017
-0.40337
-0.403811
-0.404338
-0.404918
-0.405483
-0.40596
-0.406249
-0.406182
-0.405613
-0.404385
-0.402348
-0.399375
-0.395422
-0.390556
-0.384971
-0.378976
-0.37298
-0.36742
-0.362685
-0.359057
-0.35674
-0.355872
-0.356563
-0.358892
-0.362806
-0.368092
-0.374357
-0.381092
-0.387779
-0.394
-0.399462
-0.404027
-0.407721
-0.410627
-0.412861
-0.414565
-0.415872
-0.416864
-0.417623
-0.418163
-0.4185
-0.418621
-0.41851
-0.418143
-0.417538
-0.416731
-0.41576
-0.414713
-0.413657
-0.412665
-0.411776
-0.410955
-0.410094
-0.409023
-0.407492
-0.405218
-0.401962
-0.397483
-0.391732
-0.384824
-0.377101
-0.369107
-0.36153
-0.355039
-0.350219
-0.347523
-0.347257
-0.349621
-0.35464
-0.362061
-0.371331
-0.381671
-0.392172
-0.402071
-0.41077
-0.417979
-0.423574
-0.427582
-0.430058
-0.431103
-0.43077
-0.429101
-0.426135
-0.421901
-0.416516
-0.410277
-0.403652
-0.397329
-0.392064
-0.388506
-0.386981
-0.387351
-0.389154
-0.391763
-0.394621
-0.397331
-0.399674
-0.401533
-0.402859
-0.403624
-0.403805
-0.403378
-0.402352
-0.400717
-0.398525
-0.395842
-0.392771
-0.389458
-0.386082
-0.382896
-0.380178
-0.378175
-0.377092
-0.376983
-0.377735
-0.379095
-0.380709
-0.38217
-0.383143
-0.383386
-0.382879
-0.381799
-0.380543
-0.379634
-0.379576
-0.380685
-0.382957
-0.386053
-0.389417
-0.392385
-0.394373
-0.394962
-0.393888
-0.391069
-0.386541
-0.380455
-0.37301
-0.364453
-0.355173
-0.345751
-0.337186
-0.330915
-0.328594
-0.331265
-0.338701
-0.34933
-0.360879
-0.371369
-0.379505
-0.384696
-0.386842
-0.386056
-0.382558
-0.376632
-0.368721
-0.359545
-0.350223
-0.342187
-0.336866
-0.335082
-0.336675
-0.340591
-0.345409
-0.34985
-0.353159
-0.355046
-0.355641
-0.355285
-0.354468
-0.353681
-0.353308
-0.353568
-0.354425
-0.355679
-0.356981
-0.357971
-0.358364
-0.357936
-0.356558
-0.354171
-0.350759
-0.346377
-0.341163
-0.335396
-0.329547
-0.324359
-0.32066
-0.319139
-0.320048
-0.323068
-0.327344
-0.331891
-0.335866
-0.338815
-0.340671
-0.341732
-0.342455
-0.343333
-0.344726
-0.346745
-0.34926
-0.351942
-0.354394
-0.356244
-0.357216
-0.357129
-0.355913
-0.353596
-0.350358
-0.346478
-0.342381
-0.338541
-0.335393
-0.333161
-0.33182
-0.331136
-0.330808
-0.330646
-0.330681
-0.331136
-0.332317
-0.334431
-0.337499
-0.341301
-0.345471
-0.349586
-0.353329
-0.356454
-0.358842
-0.36044
-0.361248
-0.361288
-0.360579
-0.359155
-0.357066
-0.3544
-0.351304
-0.347988
-0.344708
-0.341742
-0.339309
-0.337519
-0.336272
-0.335268
-0.334081
-0.332246
-0.329354
-0.325256
-0.320091
-0.314476
-0.309422
-0.306131
-0.305596
-0.30823
-0.313676
-0.321044
-0.329252
-0.337423
-0.344937
-0.351508
-0.357047
-0.36155
-0.365163
-0.367988
-0.370167
-0.371815
-0.373051
-0.37397
-0.374633
-0.375101
-0.375432
-0.37563
-0.375718
-0.375698
-0.37558
-0.375337
-0.374962
-0.374457
-0.373813
-0.373061
-0.372227
-0.371377
-0.370575
-0.369865
-0.36933
-0.368984
-0.368804
-0.36873
-0.368676
-0.368543
-0.368226
-0.367639
-0.366728
-0.365453
-0.363795
-0.361767
-0.359376
-0.356671
-0.353729
-0.350709
-0.347835
-0.345397
-0.343786
-0.343375
-0.344449
-0.347044
-0.350927
-0.355642
-0.360674
-0.365592
-0.370126
-0.374191
-0.377797
-0.38102
-0.383918
-0.386471
-0.38864
-0.390329
-0.391459
-0.391949
-0.391756
-0.390895
-0.389385
-0.38729
-0.384698
-0.381716
-0.378463
-0.375068
-0.37166
-0.368365
-0.365311
-0.36261
-0.360365
-0.358646
-0.357495
-0.356892
-0.356778
-0.357058
-0.357577
-0.358194
-0.358761
-0.359157
-0.359256
-0.358972
-0.358218
-0.356938
-0.355095
-0.352645
-0.349576
-0.345871
-0.341565
-0.33674
-0.331496
-0.32601
-0.320465
-0.315114
-0.310193
-0.305941
-0.30257
-0.300253
-0.299122
-0.299235
-0.300605
-0.303137
-0.306637
-0.310786
-0.315209
-0.319518
-0.323395
-0.326651
-0.329173
-0.330985
-0.332144
-0.332744
-0.332902
-0.332735
-0.332332
-0.331791
-0.331173
-0.330518
-0.329874
-0.329241
-0.328633
-0.328039
-0.32743
-0.326772
-0.325976
-0.324944
-0.323538
-0.32159
-0.318884
-0.315285
-0.310694
-0.305224
-0.299202
-0.29321
-0.287948
-0.284009
-0.28166
-0.280749
-0.280852
-0.281516
-0.282428
-0.283469
-0.284548
-0.285578
-0.286348
-0.286631
-0.286334
-0.285636
-0.285052
-0.285388
-0.287443
-0.291632
-0.297761
-0.30515
-0.312864
-0.32012
-0.326407
-0.33154
-0.335529
-0.338516
-0.340712
-0.342292
-0.343435
-0.344274
-0.344882
-0.345321
-0.345635
-0.345837
-0.345873
-0.345708
-0.345272
-0.344421
-0.343032
-0.340956
-0.33804
-0.334224
-0.329571
-0.324426
-0.319385
-0.315288
-0.312983
-0.312988
-0.315236
-0.319078
-0.323574
-0.327785
-0.331001
-0.332814
-0.333052
-0.331735
-0.329009
-0.325117
-0.320424
-0.315336
-0.310369
-0.306086
-0.303111
-0.302006
-0.303159
-0.306636
-0.312054
-0.318738
-0.325916
-0.332958
-0.339537
-0.345536
-0.35101
-0.356029
-0.360619
-0.364792
-0.368536
-0.371813
-0.374624
-0.37699
-0.378942
-0.380503
-0.381743
-0.382687
-0.383364
-0.383804
-0.384013
-0.384
-0.383772
-0.383326
-0.382664
-0.381796
-0.380747
-0.379531
-0.378174
-0.376718
-0.375197
-0.373647
-0.372096
-0.3706
-0.369191
-0.367896
-0.366775
-0.365878
-0.365263
-0.364991
-0.365139
-0.365741
-0.366802
-0.368254
-0.370023
-0.371981
-0.374009
-0.375916
-0.377587
-0.378867
-0.379629
-0.379747
-0.379128
-0.377766
-0.375738
-0.373284
-0.370817
-0.36884
-0.367899
-0.368349
-0.370215
-0.373244
-0.376902
-0.38055
-0.383617
-0.385655
-0.386345
-0.385487
-0.382927
-0.378589
-0.372489
-0.364753
-0.355775
-0.346263
-0.337291
-0.330061
-0.325661
-0.324599
-0.326695
-0.331216
-0.337238
-0.343899
-0.350582
-0.356878
-0.362495
-0.367311
-0.371241
-0.374263
-0.376427
-0.377798
-0.37845
-0.378486
-0.377986
-0.37705
-0.375731
-0.374098
-0.372191
-0.370056
-0.367726
-0.365242
-0.362688
-0.360145
-0.357723
-0.355534
-0.353718
-0.352383
-0.351593
-0.351377
-0.351685
-0.352446
-0.353538
-0.354804
-0.356109
-0.357285
-0.358211
-0.358677
-0.358486
-0.357368
-0.35504
-0.351187
-0.345654
-0.338542
-0.330483
-0.322793
-0.317246
-0.31532
-0.317477
-0.322853
-0.329806
-0.336682
-0.342438
-0.346647
-0.349283
-0.350534
-0.350583
-0.349551
-0.347577
-0.344861
-0.341738
-0.338681
-0.336225
-0.3348
-0.334577
-0.335392
-0.336818
-0.338365
-0.33963
-0.340428
-0.340761
-0.340746
-0.340637
-0.340645
-0.340938
-0.34159
-0.342604
-0.343898
-0.345335
-0.346741
-0.347975
-0.348919
-0.34947
-0.349558
-0.349148
-0.348258
-0.346908
-0.345196
-0.343236
-0.341219
-0.339369
-0.337928
-0.337112
-0.337039
-0.337716
-0.33901
-0.340662
-0.342372
-0.343778
-0.344575
-0.344493
-0.343374
-0.34123
-0.338258
-0.334917
-0.33186
-0.329784
-0.32922
-0.330307
-0.332694
-0.335661
-0.338295
-0.339749
-0.339391
-0.336952
-0.332673
-0.327421
-0.322686
-0.320106
-0.320751
-0.324648
-0.3308
-0.337835
-0.344613
-0.350545
-0.355474
-0.359509
-0.362848
-0.365667
-0.368077
-0.370168
-0.371943
-0.37343
-0.37462
-0.37551
-0.376083
-0.376341
-0.376235
-0.375715
-0.374724
-0.373156
-0.370929
-0.367925
-0.364074
-0.359354
-0.35382
-0.34766
-0.341242
-0.335161
-0.330156
-0.327004
-0.326292
-0.328145
-0.332164
-0.337514
-0.343233
-0.348525
-0.352923
-0.356271
-0.358652
-0.360256
-0.361304
-0.361976
-0.362453
-0.36286
-0.363368
-0.364112
-0.365182
-0.366651
-0.368519
-0.370719
-0.373164
-0.375737
-0.378314
-0.38078
-0.383047
-0.385056
-0.386766
-0.388212
-0.389398
-0.390364
-0.391129
-0.391682
-0.392015
-0.392076
-0.391818
-0.391161
-0.39004
-0.388407
-0.386247
-0.383547
-0.380375
-0.376815
-0.373045
-0.369336
-0.366031
-0.363483
-0.361918
-0.361335
-0.361438
-0.36166
-0.361375
-0.360035
-0.357374
-0.353516
-0.348908
-0.344258
-0.340336
-0.337712
-0.336608
-0.336807
-0.337778
-0.338866
-0.339611
-0.339897
-0.340038
-0.340604
-0.342203
-0.345094
-0.349112
-0.353693
-0.358173
-0.362021
-0.364933
-0.366832
-0.367744
-0.367765
-0.366894
-0.365073
-0.362135
-0.357919
-0.352378
-0.345824
-0.339141
-0.333756
-0.331249
-0.332646
-0.337833
-0.345557
-0.354136
-0.362186
-0.368897
-0.374013
-0.377648
-0.380032
-0.381451
-0.382134
-0.382263
-0.381943
-0.381233
-0.380144
-0.378681
-0.376813
-0.374526
-0.37183
-0.368787
-0.365504
-0.362146
-0.358909
-0.355992
-0.353582
-0.351827
-0.350814
-0.350524
-0.350906
-0.351868
-0.353283
-0.355038
-0.357016
-0.359088
-0.361141
-0.362969
-0.364386
-0.365189
-0.365189
-0.364277
-0.36244
-0.359774
-0.356545
-0.353129
-0.349968
-0.34751
-0.346057
-0.345726
-0.346416
-0.347939
-0.350146
-0.352992
-0.356544
-0.360839
-0.365811
-0.37126
-0.3768
-0.382031
-0.386616
-0.390352
-0.393168
-0.395108
-0.396313
-0.396977
-0.397297
-0.397462
-0.397613
-0.397853
-0.398176
-0.398547
-0.398877
-0.399016
-0.398856
-0.398271
-0.397191
-0.395574
-0.393455
-0.390883
-0.387979
-0.384884
-0.381802
-0.378941
-0.376489
-0.374608
-0.373368
-0.372741
-0.372629
-0.372855
-0.373171
-0.3734
-0.373442
-0.373244
-0.372897
-0.372554
-0.372425
-0.372707
-0.373553
-0.375002
-0.376995
-0.379392
-0.381962
-0.384435
-0.386556
-0.388117
-0.389012
-0.389318
-0.389318
-0.38947
-0.390235
-0.392001
-0.394833
-0.398427
-0.402276
-0.40578
-0.408499
-0.410197
-0.410874
-0.410747
-0.410123
-0.409304
-0.40849
-0.40773
-0.40694
-0.405908
-0.404406
-0.402301
-0.399547
-0.396298
-0.392815
-0.389478
-0.386671
-0.384747
-0.383909
-0.384216
-0.385557
-0.38768
-0.390307
-0.39316
-0.395971
-0.398578
-0.400827
-0.402636
-0.403989
-0.40487
-0.405287
-0.405264
-0.404842
-0.40408
-0.403057
-0.401875
-0.400619
-0.399361
-0.398196
-0.397162
-0.396285
-0.395532
-0.394857
-0.394196
-0.393435
-0.392467
-0.391162
-0.389383
-0.387015
-0.383955
-0.380165
-0.375732
-0.370971
-0.366389
-0.362678
-0.360562
-0.360568
-0.362811
-0.366914
-0.372211
-0.377875
-0.383213
-0.387736
-0.391152
-0.39337
-0.394413
-0.394386
-0.393459
-0.391881
-0.389927
-0.387868
-0.385904
-0.384141
-0.382486
-0.380696
-0.37843
-0.37537
-0.371358
-0.36643
-0.36089
-0.355171
-0.349691
-0.344754
-0.340491
-0.336952
-0.334266
-0.332656
-0.332381
-0.333489
-0.335674
-0.338199
-0.340118
-0.340499
-0.338932
-0.335964
-0.33337
-0.333501
-0.338009
-0.346694
-0.357671
-0.368618
-0.377925
-0.384995
-0.389966
-0.39336
-0.395705
-0.397472
-0.398964
-0.400332
-0.401617
-0.402803
-0.403824
-0.404584
-0.405023
-0.405073
-0.404698
-0.403851
-0.402531
-0.400742
-0.3985
-0.395845
-0.392852
-0.389595
-0.38619
-0.382752
-0.379398
-0.376283
-0.373512
-0.371183
-0.369373
-0.368129
-0.367446
-0.367313
-0.367683
-0.368511
-0.36974
-0.371289
-0.373075
-0.37503
-0.377047
-0.37905
-0.380959
-0.382735
-0.384353
-0.3858
-0.387093
-0.388237
-0.389258
-0.390157
-0.390897
-0.391452
-0.391759
-0.391786
-0.391528
-0.391017
-0.390357
-0.389701
-0.389224
-0.389138
-0.389587
-0.390662
-0.392331
-0.394466
-0.39681
-0.399061
-0.400896
-0.402091
-0.402554
-0.402339
-0.401651
-0.400713
-0.399604
-0.398165
-0.395933
-0.392241
-0.386455
-0.378193
-0.367613
-0.355533
-0.343381
-0.33297
-0.325922
-0.323139
-0.32458
-0.329398
-0.336317
-0.344049
-0.351541
-0.357995
-0.362887
-0.365927
-0.367075
-0.366487
-0.364469
-0.36144
-0.357956
-0.354707
-0.35247
-0.351885
-0.353295
-0.356543
-0.361042
-0.366052
-0.370929
-0.375225
-0.37879
-0.38161
-0.383797
-0.385507
-0.386813
-0.387812
-0.388554
-0.389062
-0.389339
-0.389376
-0.389167
-0.388702
-0.387956
-0.386907
-0.385568
-0.383927
-0.382018
-0.379867
-0.377557
-0.375154
-0.372757
-0.370465
-0.368361
-0.366508
-0.364919
-0.363578
-0.362427
-0.361398
-0.360462
-0.359598
-0.358851
-0.358292
-0.358017
-0.358091
-0.35851
-0.359213
-0.360042
-0.360817
-0.361313
-0.361336
-0.360773
-0.359562
-0.357785
-0.355635
-0.353408
-0.351497
-0.350298
-0.350142
-0.351148
-0.353198
-0.356062
-0.359385
-0.362823
-0.366092
-0.36903
-0.371538
-0.373588
-0.375204
-0.376406
-0.377229
-0.377691
-0.377855
-0.3777
-0.377281
-0.376618
-0.375751
-0.374723
-0.373581
-0.37238
-0.371164
-0.369943
-0.368689
-0.367387
-0.365976
-0.364399
-0.362625
-0.360643
-0.358532
-0.356381
-0.354372
-0.352694
-0.35152
-0.350974
-0.351083
-0.351732
-0.352696
-0.35371
-0.35453
-0.355039
-0.355334
-0.355731
-0.356684
-0.358649
-0.36191
-0.366431
-0.371837
-0.377659
-0.383374
-0.388565
-0.392998
-0.396532
-0.399104
-0.400657
-0.401135
-0.400457
-0.39851
-0.395208
-0.390529
-0.384554
-0.377605
-0.370169
-0.362967
-0.356832
-0.352521
-0.350493
-0.350876
-0.353415
-0.357673
-0.363219
-0.369667
-0.376643
-0.383663
-0.390194
-0.395702
-0.399858
-0.402707
-0.404543
-0.405793
-0.406831
-0.407737
-0.408357
-0.408377
-0.407529
-0.405704
-0.403107
-0.40017
-0.397604
-0.396166
-0.396481
-0.398765
-0.402705
-0.407561
-0.412408
-0.416434
-0.41911
-0.42026
-0.420013
-0.41878
-0.417191
-0.415935
-0.415602
-0.416454
-0.418313
-0.420616
-0.422646
-0.423788
-0.423739
-0.422572
-0.420671
-0.418614
-0.417051
-0.416494
-0.417195
-0.419154
-0.422138
-0.425746
-0.429627
-0.433444
-0.436951
-0.439962
-0.442369
-0.44411
-0.445136
-0.445408
-0.444916
-0.443697
-0.441772
-0.43925
-0.436248
-0.432888
-0.429353
-0.425834
-0.422526
-0.419623
-0.417323
-0.415799
-0.415155
-0.415407
-0.416407
-0.417881
-0.419478
-0.42091
-0.421955
-0.422536
-0.422714
-0.422655
-0.422527
-0.42248
-0.422536
-0.422644
-0.422726
-0.422648
-0.422313
-0.421656
-0.420653
-0.419315
-0.417637
-0.415657
-0.413384
-0.410882
-0.408228
-0.405573
-0.403127
-0.401155
-0.399894
-0.399456
-0.399815
-0.400705
-0.401664
-0.40215
-0.40154
-0.399274
-0.395029
-0.388798
-0.381099
-0.373011
-0.366073
-0.361849
-0.361267
-0.364312
-0.370105
-0.377418
-0.385144
-0.39256
-0.399267
-0.405091
-0.410005
-0.413947
-0.416881
-0.418719
-0.419364
-0.418677
-0.41655
-0.412963
-0.40812
-0.402544
-0.397112
-0.392911
-0.39084
-0.391231
-0.393611
-0.396887
-0.399796
-0.401268
-0.400622
-0.397565
-0.392148
-0.384749
-0.376001
-0.366829
-0.358366
-0.35176
-0.347875
-0.347085
-0.349163
-0.353291
-0.358397
-0.363348
-0.367238
-0.369461
-0.369817
-0.368536
-0.366255
-0.363824
-0.362165
-0.361923
-0.36328
-0.365983
-0.369465
-0.373129
-0.376519
-0.379391
-0.381681
-0.383446
-0.384761
-0.385636
-0.386055
-0.38595
-0.385256
-0.383939
-0.382025
-0.379605
-0.376809
-0.373769
-0.370558
-0.367225
-0.363767
-0.360183
-0.356534
-0.352941
-0.349524
-0.34637
-0.34343
-0.340525
-0.337395
-0.333846
-0.329939
-0.326045
-0.322719
-0.320504
-0.31954
-0.319522
-0.319846
-0.319804
-0.318895
-0.31686
-0.313686
-0.309492
-0.304546
-0.299189
-0.293925
-0.289443
-0.28668
-0.286677
-0.29024
-0.297507
-0.30773
-0.319509
-0.331264
-0.341771
-0.350301
-0.356634
-0.360867
-0.363266
-0.364172
-0.363907
-0.362782
-0.361068
-0.35902
-0.356852
-0.354749
-0.352817
-0.351164
-0.349821
-0.348842
-0.348282
-0.348207
-0.348745
-0.349952
-0.351859
-0.354384
-0.357393
-0.360659
-0.363951
-0.367107
-0.369989
-0.372537
-0.374716
-0.376547
-0.37807
-0.379341
-0.380382
-0.381237
-0.381939
-0.382499
-0.38293
-0.383238
-0.383416
-0.383445
-0.383307
-0.382998
-0.382476
-0.381688
-0.380552
-0.378981
-0.376802
-0.373841
-0.369836
-0.364517
-0.357641
-0.349087
-0.339022
-0.327994
-0.316999
-0.307306
-0.300087
-0.296074
-0.295277
-0.297263
-0.30137
-0.306978
-0.313605
-0.320798
-0.328135
-0.335323
-0.342176
-0.348672
-0.354794
-0.360454
-0.365392
-0.369124
-0.371051
-0.370652
-0.367573
-0.361794
-0.353626
-0.343714
-0.332915
-0.322302
-0.313309
-0.307846
-0.307865
-0.314373
-0.326568
-0.34207
-0.358157
-0.372816
-0.385045
-0.394622
-0.401697
-0.406561
-0.409517
-0.410788
-0.410565
-0.408972
-0.406105
-0.402014
-0.396761
-0.390407
-0.383034
-0.374752
-0.365721
-0.356192
-0.346509
-0.337159
-0.328737
-0.321884
-0.317264
-0.315351
-0.316383
-0.32021
-0.326243
-0.333498
-0.34075
-0.346889
-0.351259
-0.353809
-0.355111
-0.356039
-0.357402
-0.35953
-0.362167
-0.364703
-0.366455
-0.366946
-0.366004
-0.363706
-0.360356
-0.356365
-0.352294
-0.348693
-0.346119
-0.344871
-0.344956
-0.345998
-0.347364
-0.348342
-0.348362
-0.347067
-0.344405
-0.340528
-0.335784
-0.330652
-0.325634
-0.321213
-0.317744
-0.315337
-0.313852
-0.312927
-0.312132
-0.31111
-0.309683
-0.307945
-0.306306
-0.305458
-0.306161
-0.308943
-0.313936
-0.32072
-0.328549
-0.336545
-0.343925
-0.350102
-0.354803
-0.357921
-0.359574
-0.359986
-0.359413
-0.358142
-0.35643
-0.354449
-0.352348
-0.350191
-0.347997
-0.345763
-0.343466
-0.341075
-0.338584
-0.335969
-0.333277
-0.33053
-0.327822
-0.325235
-0.322908
-0.320961
-0.319532
-0.318676
-0.318366
-0.318483
-0.31884
-0.319249
-0.319517
-0.319512
-0.319143
-0.318399
-0.317297
-0.315839
-0.314075
-0.312054
-0.309853
-0.307655
-0.305649
-0.304088
-0.30326
-0.303351
-0.304418
-0.306407
-0.309075
-0.312118
-0.31521
-0.318096
-0.320574
-0.322572
-0.324092
-0.325237
-0.326186
-0.327149
-0.32837
-0.33005
-0.332337
-0.335253
-0.338744
-0.342657
-0.346766
-0.350841
-0.354629
-0.357947
-0.360604
-0.362445
-0.363332
-0.363175
-0.361954
-0.35976
-0.356892
-0.353825
-0.351241
-0.349846
-0.350186
-0.352373
-0.356094
-0.360738
-0.365595
-0.370052
-0.373672
-0.376192
-0.377503
-0.377499
-0.376141
-0.373368
-0.369135
-0.363404
-0.356203
-0.347667
-0.338163
-0.328355
-0.319233
-0.31204
-0.308002
-0.307965
-0.312064
-0.319677
-0.329581
-0.340486
-0.351307
-0.361341
-0.370245
-0.377935
-0.38448
-0.389983
-0.394566
-0.398319
-0.401352
-0.403735
-0.40553
-0.406775
-0.407515
-0.407765
-0.407558
-0.406898
-0.405795
-0.40423
-0.402203
-0.399725
-0.396817
-0.393559
-0.390054
-0.386446
-0.382901
-0.379564
-0.376518
-0.373754
-0.371172
-0.368601
-0.365866
-0.362806
-0.359339
-0.355493
-0.35134
-0.347081
-0.342895
-0.338972
-0.335489
-0.332585
-0.330388
-0.329056
-0.328764
-0.329667
-0.331817
-0.335048
-0.338986
-0.34312
-0.346978
-0.350261
-0.352981
-0.355407
-0.357965
-0.361049
-0.364851
-0.369288
-0.37405
-0.378762
-0.383104
-0.386856
-0.389914
-0.392292
-0.39402
-0.395147
-0.395733
-0.395832
-0.395429
-0.394492
-0.392958
-0.390677
-0.387429
-0.382871
-0.376543
-0.367882
-0.356391
-0.341916
-0.325269
-0.308761
-0.295888
-0.28978
-0.29106
-0.297471
-0.305557
-0.312651
-0.317627
-0.320487
-0.32173
-0.321979
-0.321769
-0.321578
-0.321756
-0.322584
-0.324194
-0.32655
-0.329493
-0.332715
-0.335876
-0.338704
-0.340937
-0.342456
-0.34321
-0.343202
-0.34248
-0.341173
-0.339433
-0.337461
-0.33549
-0.333742
-0.332442
-0.331718
-0.33162
-0.332101
-0.333018
-0.334195
-0.33545
-0.336622
-0.337615
-0.338334
-0.338749
-0.338864
-0.338691
-0.338258
-0.337596
-0.336743
-0.335757
-0.334692
-0.33363
-0.332654
-0.331883
-0.331396
-0.331284
-0.331577
-0.33227
-0.333294
-0.334561
-0.335925
-0.337253
-0.338414
-0.339315
-0.339894
-0.340124
-0.339997
-0.339525
-0.338728
-0.337627
-0.336293
-0.334835
-0.33339
-0.332198
-0.331498
-0.331527
-0.332448
-0.334293
-0.336968
-0.340234
-0.343793
-0.347352
-0.350659
-0.353533
-0.355869
-0.357674
-0.359015
-0.360007
-0.360751
-0.361353
-0.361829
-0.362161
-0.362181
-0.361674
-0.360346
-0.35788
-0.354028
-0.348664
-0.341839
-0.333842
-0.325275
-0.317003
-0.310007
-0.305156
-0.30305
-0.303893
-0.307409
-0.312989
-0.319845
-0.327195
-0.334383
-0.340969
-0.34673
-0.351611
-0.355607
-0.358807
-0.361299
-0.363184
-0.364559
-0.365481
-0.366021
-0.366222
-0.366129
-0.365783
-0.365247
-0.364573
-0.363867
-0.363192
-0.362599
-0.362147
-0.361857
-0.3617
-0.361616
-0.361523
-0.361266
-0.360684
-0.359617
-0.357908
-0.35544
-0.352165
-0.348159
-0.34366
-0.339075
-0.334957
-0.331826
-0.330032
-0.329538
-0.329972
-0.330657
-0.330856
-0.329881
-0.327257
-0.322811
-0.316753
-0.309824
-0.303384
-0.299273
-0.299249
-0.304078
-0.313055
-0.32434
-0.335898
-0.346238
-0.354644
-0.361052
-0.365711
-0.369015
-0.37133
-0.372981
-0.374181
-0.375042
-0.375567
-0.375713
-0.375404
-0.374517
-0.372934
-0.370557
-0.367342
-0.363277
-0.358462
-0.353083
-0.347413
-0.341867
-0.336951
-0.333267
-0.331335
-0.331608
-0.334268
-0.339191
-0.345919
-0.353809
-0.362099
-0.370087
-0.377219
-0.383116
-0.387555
-0.390452
-0.391787
-0.391621
-0.390008
-0.387029
-0.382792
-0.377436
-0.371239
-0.364667
-0.358472
-0.353628
-0.351144
-0.351595
-0.354894
-0.360205
-0.366341
-0.372166
-0.376892
-0.380149
-0.381876
-0.382209
-0.381366
-0.379572
-0.377038
-0.373958
-0.370482
-0.366774
-0.363011
-0.359363
-0.356019
-0.353151
-0.350865
-0.349242
-0.348263
-0.34787
-0.347936
-0.348303
-0.348784
-0.349201
-0.349364
-0.34913
-0.348348
-0.346959
-0.344956
-0.342396
-0.339434
-0.336315
-0.333395
-0.331049
-0.329643
-0.329418
-0.330486
-0.332727
-0.335856
-0.339461
-0.343159
-0.346591
-0.349552
-0.35193
-0.353743
-0.355056
-0.355992
-0.356672
-0.357208
-0.357644
-0.358
-0.358292
-0.358478
-0.358494
-0.35828
-0.357764
-0.356871
-0.355541
-0.353727
-0.351405
-0.348553
-0.34521
-0.341466
-0.33744
-0.333322
-0.329322
-0.325643
-0.322466
-0.319901
-0.317986
-0.316686
-0.315898
-0.315503
-0.315362
-0.315364
-0.315426
-0.315573
-0.315852
-0.316367
-0.317222
-0.318451
-0.320058
-0.321998
-0.324173
-0.326493
-0.328863
-0.331217
-0.333515
-0.335746
-0.337909
-0.34
-0.342012
-0.34397
-0.345876
-0.347719
-0.349491
-0.351189
-0.352815
-0.35437
-0.355841
-0.357214
-0.358482
-0.359606
-0.360583
-0.36138
-0.361974
-0.362301
-0.362352
-0.362063
-0.361409
-0.360369
-0.358938
-0.357124
-0.355003
-0.352654
-0.350202
-0.347798
-0.345608
-0.343763
-0.342368
-0.341472
-0.341051
-0.341046
-0.341343
-0.341823
-0.342375
-0.342901
-0.343345
-0.343684
-0.34395
-0.344185
-0.344454
-0.344808
-0.345312
-0.345997
-0.346836
-0.347845
-0.348996
-0.350307
-0.35185
-0.353724
-0.356093
-0.359125
-0.362911
-0.367434
-0.372524
-0.377866
-0.383084
-0.387806
-0.391725
-0.394624
-0.396421
-0.397087
-0.396737
-0.395508
-0.393596
-0.391231
-0.388587
-0.385811
-0.382941
-0.379869
-0.376358
-0.372107
-0.366836
-0.360416
-0.353033
-0.345308
-0.338265
-0.333149
-0.33101
-0.332265
-0.336523
-0.342712
-0.349474
-0.355623
-0.360322
-0.363229
-0.364391
-0.364157
-0.363093
-0.361869
-0.361121
-0.361301
-0.362588
-0.364836
-0.367682
-0.370645
-0.373285
-0.375261
-0.376369
-0.37651
-0.375678
-0.373947
-0.371481
-0.368538
-0.365442
-0.36258
-0.360296
-0.358853
-0.358332
-0.358599
-0.359379
-0.360264
-0.36085
-0.360764
-0.359705
-0.357469
-0.354026
-0.349522
-0.344317
-0.339063
-0.334573
-0.33173
-0.331204
-0.333229
-0.337529
-0.343392
-0.349962
-0.356466
-0.362402
-0.367517
-0.371802
-0.375328
-0.378198
-0.380457
-0.38213
-0.383126
-0.38336
-0.382734
-0.381148
-0.378589
-0.375109
-0.370868
-0.366165
-0.361414
-0.3571
-0.353685
-0.351573
-0.350937
-0.351737
-0.353719
-0.356477
-0.359596
-0.362707
-0.365579
-0.368113
-0.370325
-0.372282
-0.374067
-0.375707
-0.37715
-0.378228
-0.378712
-0.37832
-0.376836
-0.374213
-0.370616
-0.366529
-0.362655
-0.359798
-0.358558
-0.359099
-0.361108
-0.363921
-0.36679
-0.369126
-0.370583
-0.371032
-0.370493
-0.369061
-0.366825
-0.363865
-0.360259
-0.356137
-0.351774
-0.347689
-0.344578
-0.343194
-0.344082
-0.347317
-0.352445
-0.358637
-0.36491
-0.370445
-0.374603
-0.376997
-0.377425
-0.375911
-0.372788
-0.368699
-0.364639
-0.361723
-0.360744
-0.361889
-0.364561
-0.36772
-0.370274
-0.371462
-0.371029
-0.369172
-0.366513
-0.363896
-0.3622
-0.362058
-0.363697
-0.366907
-0.371122
-0.375661
-0.379907
-0.383423
-0.385977
-0.387518
-0.38812
-0.387922
-0.38707
-0.385673
-0.383814
-0.381558
-0.379059
-0.37655
-0.374443
-0.373207
-0.373255
-0.3748
-0.377718
-0.381588
-0.385832
-0.389884
-0.393262
-0.395702
-0.397008
-0.397118
-0.396062
-0.393947
-0.390973
-0.387443
-0.383723
-0.380239
-0.377282
-0.374947
-0.373083
-0.371272
-0.368955
-0.365601
-0.360787
-0.354314
-0.34612
-0.336409
-0.325684
-0.314917
-0.305644
-0.299815
-0.299082
-0.303999
-0.313644
-0.325994
-0.338735
-0.350026
-0.358786
-0.364653
-0.367774
-0.368682
-0.368111
-0.366813
-0.365461
-0.364561
-0.364312
-0.364737
-0.365664
-0.366886
-0.368205
-0.369506
-0.370739
-0.371926
-0.373056
-0.374126
-0.375056
-0.375737
-0.376025
-0.375772
-0.374818
-0.37303
-0.370305
-0.366575
-0.361811
-0.356089
-0.349569
-0.342591
-0.33563
-0.329354
-0.324486
-0.321676
-0.321311
-0.32343
-0.327666
-0.333376
-0.339822
-0.346291
-0.352256
-0.357365
-0.361446
-0.364464
-0.366478
-0.367592
-0.367924
-0.367637
-0.366893
-0.365848
-0.364668
-0.363512
-0.362551
-0.361924
-0.361711
-0.361954
-0.362653
-0.36372
-0.36503
-0.366419
-0.367674
-0.368598
-0.36901
-0.368688
-0.367435
-0.36504
-0.361349
-0.356302
-0.350046
-0.343089
-0.336362
-0.331181
-0.328813
-0.330001
-0.334577
-0.341581
-0.349725
-0.357893
-0.365364
-0.371797
-0.377167
-0.381553
-0.385083
-0.387875
-0.390027
-0.391594
-0.392595
-0.393011
-0.392803
-0.391899
-0.390184
-0.387574
-0.384002
-0.379482
-0.374121
-0.368199
-0.362174
-0.356608
-0.352048
-0.348855
-0.347119
-0.346561
-0.346703
-0.346973
-0.346894
-0.346196
-0.344803
-0.342677
-0.339773
-0.335922
-0.331071
-0.325615
-0.320724
-0.318243
-0.319943
-0.32635
-0.336352
-0.34783
-0.358763
-0.367887
-0.374738
-0.379417
-0.382216
-0.383499
-0.383609
-0.38282
-0.381347
-0.379374
-0.377011
-0.374345
-0.371465
-0.368392
-0.36519
-0.361867
-0.358445
-0.354952
-0.35143
-0.347943
-0.344554
-0.341335
-0.338341
-0.335629
-0.333201
-0.33101
-0.328995
-0.32708
-0.32522
-0.323413
-0.3218
-0.320619
-0.320173
-0.320783
-0.322661
-0.325808
-0.330024
-0.334894
-0.339905
-0.344567
-0.348474
-0.351346
-0.353036
-0.35347
-0.352694
-0.350813
-0.347972
-0.344402
-0.340381
-0.336198
-0.332194
-0.328587
-0.325534
-0.323042
-0.321013
-0.319239
-0.317542
-0.315775
-0.313854
-0.311785
-0.309624
-0.307499
-0.305535
-0.303853
-0.302568
-0.301767
-0.301475
-0.301661
-0.30229
-0.303244
-0.304405
-0.30566
-0.306886
-0.308038
-0.309056
-0.309922
-0.310666
-0.311305
-0.311864
-0.312351
-0.312771
-0.313117
-0.313389
-0.313533
-0.313529
-0.313327
-0.312888
-0.312157
-0.311112
-0.309756
-0.308143
-0.306391
-0.304716
-0.303377
-0.302671
-0.302873
-0.304117
-0.306361
-0.309434
-0.313041
-0.316851
-0.320563
-0.323984
-0.326963
-0.329456
-0.331457
-0.333015
-0.334177
-0.335017
-0.335617
-0.336054
-0.336405
-0.336755
-0.337146
-0.337624
-0.338205
-0.338872
-0.339586
-0.340255
-0.340838
-0.341221
-0.341337
-0.341118
-0.340503
-0.339449
-0.337842
-0.335491
-0.3321
-0.327297
-0.320802
-0.312627
-0.30346
-0.294757
-0.288606
-0.286974
-0.290739
-0.299292
-0.310881
-0.323424
-0.335202
-0.345178
-0.352929
-0.358478
-0.362071
-0.364027
-0.364656
-0.364185
-0.362767
-0.360461
-0.357298
-0.353298
-0.348562
-0.343354
-0.338162
-0.333628
-0.330483
-0.329325
-0.330413
-0.333665
-0.338675
-0.34493
-0.351873
-0.359017
-0.365982
-0.372468
-0.378266
-0.383255
-0.387378
-0.390652
-0.393107
-0.394787
-0.395743
-0.396025
-0.395646
-0.394605
-0.39287
-0.390392
-0.387109
-0.382959
-0.377895
-0.371924
-0.365104
-0.357651
-0.349867
-0.342234
-0.335305
-0.329675
-0.325854
-0.324146
-0.32462
-0.327073
-0.331119
-0.336284
-0.342083
-0.348096
-0.354007
-0.359582
-0.364634
-0.369059
-0.372782
-0.375754
-0.377916
-0.379204
-0.37955
-0.378891
-0.377157
-0.374285
-0.370302
-0.365314
-0.359507
-0.353261
-0.347028
-0.341273
-0.336326
-0.332337
-0.329229
-0.326864
-0.325121
-0.324003
-0.323678
-0.324354
-0.32621
-0.32932
-0.333567
-0.338671
-0.344197
-0.349668
-0.354649
-0.358774
-0.361808
-0.363638
-0.364242
-0.36364
-0.361931
-0.359235
-0.355737
-0.351697
-0.347478
-0.343489
-0.340097
-0.337544
-0.33586
-0.334871
-0.334293
-0.333884
-0.333562
-0.333377
-0.333475
-0.333946
-0.334798
-0.335855
-0.336877
-0.337601
-0.337843
-0.33752
-0.336654
-0.335363
-0.333787
-0.332055
-0.330263
-0.328539
-0.32696
-0.325618
-0.324637
-0.32415
-0.324284
-0.32512
-0.326678
-0.328896
-0.331617
-0.334636
-0.337739
-0.340743
-0.343515
-0.345981
-0.348122
-0.349956
-0.351562
-0.352983
-0.354289
-0.355529
-0.356739
-0.357934
-0.359091
-0.360187
-0.361115
-0.361779
-0.362042
-0.36175
-0.360712
-0.358748
-0.355673
-0.351369
-0.345846
-0.339312
-0.33221
-0.325251
-0.31924
-0.314827
-0.312328
-0.311637
-0.312322
-0.313894
-0.315981
-0.318374
-0.321
-0.323851
-0.326945
-0.330255
-0.333758
-0.337419
-0.341191
-0.345027
-0.348849
-0.352596
-0.356174
-0.359506
-0.362551
-0.365288
-0.367724
-0.369876
-0.371756
-0.373339
-0.374618
-0.375519
-0.376061
-0.37631
-0.376424
-0.376641
-0.377195
-0.378205
-0.379609
-0.381098
-0.382238
-0.38253
-0.381632
-0.379444
-0.376286
-0.372823
-0.369913
-0.368353
-0.36854
-0.370318
-0.373136
-0.376286
-0.379189
-0.381452
-0.382892
-0.383438
-0.383024
-0.381531
-0.378746
-0.374405
-0.368218
-0.359929
-0.349515
-0.337381
-0.3246
-0.313024
-0.305148
-0.303367
-0.308899
-0.321093
-0.33772
-0.355967
-0.373451
-0.388679
-0.401
-0.410332
-0.416889
-0.421006
-0.423059
-0.42343
-0.422497
-0.420654
-0.418362
-0.416091
-0.41432
-0.413382
-0.413449
-0.414438
-0.416106
-0.418056
-0.419904
-0.421303
-0.42201
-0.421929
-0.421012
-0.419351
-0.417097
-0.414497
-0.411854
-0.409501
-0.407769
-0.406912
-0.407012
-0.408016
-0.409726
-0.411868
-0.414161
-0.416363
-0.418315
-0.419901
-0.421077
-0.42182
-0.422118
-0.421958
-0.42132
-0.420218
-0.418672
-0.416789
-0.414713
-0.412652
-0.410879
-0.40964
-0.409138
-0.409422
-0.410428
-0.411986
-0.413821
-0.41567
-0.417327
-0.418686
-0.419767
-0.420727
-0.42181
-0.423293
-0.42537
-0.4281
-0.431342
-0.43479
-0.437991
-0.440504
-0.44187
-0.441729
-0.439811
-0.43592
-0.429987
-0.42212
-0.412606
-0.402011
-0.391098
-0.380782
-0.371957
-0.365244
-0.360936
-0.358968
-0.359037
-0.360817
-0.364053
-0.368587
-0.374226
-0.38068
-0.387585
-0.394563
-0.401335
-0.407725
-0.413662
-0.419103
-0.424039
-0.428431
-0.432245
-0.435401
-0.437896
-0.439691
-0.44079
-0.441199
-0.440929
-0.440005
-0.438435
-0.436215
-0.433357
-0.429862
-0.425776
-0.421194
-0.416295
-0.411354
-0.406728
-0.402774
-0.399762
-0.397776
-0.396726
-0.396364
-0.396382
-0.396477
-0.396418
-0.396067
-0.395351
-0.394297
-0.392934
-0.39139
-0.389773
-0.388199
-0.386785
-0.385585
-0.384635
-0.383858
-0.3832
-0.382524
-0.381745
-0.380827
-0.379827
-0.37888
-0.378162
-0.377878
-0.378132
-0.378921
-0.380141
-0.381539
-0.382869
-0.383913
-0.384536
-0.384652
-0.384282
-0.383514
-0.382418
-0.381103
-0.379666
-0.378209
-0.376791
-0.375491
-0.374388
-0.373539
-0.372995
-0.372769
-0.372867
-0.373243
-0.373846
-0.374587
-0.375416
-0.376289
-0.377177
-0.378081
-0.379007
-0.379962
-0.380997
-0.382112
-0.383302
-0.38454
-0.385792
-0.386998
-0.388102
-0.389032
-0.389739
-0.390177
-0.390296
-0.390092
-0.389546
-0.388626
-0.387306
-0.38557
-0.383375
-0.380699
-0.377546
-0.373946
-0.369981
-0.365753
-0.361484
-0.35742
-0.35388
-0.351212
-0.349731
-0.34965
-0.351071
-0.353876
-0.357831
-0.362546
-0.367582
-0.372511
-0.376995
-0.380805
-0.383805
-0.385998
-0.38747
-0.388388
-0.388934
-0.389292
-0.389631
-0.390072
-0.390662
-0.391403
-0.392223
-0.393065
-0.393836
-0.394492
-0.394969
-0.39523
-0.395257
-0.395004
-0.39444
-0.393526
-0.392273
-0.390707
-0.388935
-0.387075
-0.385281
-0.383634
-0.382197
-0.380955
-0.379902
-0.379144
-0.378911
-0.379539
-0.381342
-0.384401
-0.388493
-0.393159
-0.397806
-0.401944
-0.405167
-0.407338
-0.408383
-0.408307
-0.407153
-0.404933
-0.401603
-0.397029
-0.391013
-0.383366
-0.374001
-0.363176
-0.351776
-0.341326
-0.333631
-0.32993
-0.330212
-0.333343
-0.337766
-0.342355
-0.34659
-0.350358
-0.35367
-0.356434
-0.358404
-0.35935
-0.359095
-0.357585
-0.354931
-0.351353
-0.347201
-0.342977
-0.33924
-0.336585
-0.335466
-0.336088
-0.33832
-0.341739
-0.345818
-0.350029
-0.353983
-0.357476
-0.3604
-0.362765
-0.36459
-0.36594
-0.366893
-0.36753
-0.367918
-0.368124
-0.368244
-0.368392
-0.368581
-0.368872
-0.369294
-0.369839
-0.370467
-0.371172
-0.371876
-0.372561
-0.373178
-0.373695
-0.374081
-0.374295
-0.374303
-0.374063
-0.373523
-0.37263
-0.371321
-0.369486
-0.367083
-0.36404
-0.360344
-0.356041
-0.35127
-0.346267
-0.341383
-0.337034
-0.333597
-0.331347
-0.330338
-0.330415
-0.33127
-0.33253
-0.333893
-0.3351
-0.336061
-0.336801
-0.337449
-0.338198
-0.339294
-0.340937
-0.343242
-0.346239
-0.349829
-0.353811
-0.357951
-0.361992
-0.365746
-0.369067
-0.371846
-0.374079
-0.375789
-0.377014
-0.377844
-0.37838
-0.378747
-0.379082
-0.379509
-0.380166
-0.381133
-0.382482
-0.384226
-0.386343
-0.388765
-0.391417
-0.394204
-0.397016
-0.39978
-0.402395
-0.404828
-0.407019
-0.40892
-0.410473
-0.411623
-0.412363
-0.412663
-0.412521
-0.411956
-0.411063
-0.409942
-0.408728
-0.407515
-0.406332
-0.405054
-0.403555
-0.40164
-0.399287
-0.396669
-0.394219
-0.39246
-0.391882
-0.392711
-0.394848
-0.397887
-0.401284
-0.404481
-0.406988
-0.408459
-0.408657
-0.407571
-0.40526
-0.401938
-0.3979
-0.393445
-0.388903
-0.384521
-0.380512
-0.377039
-0.374313
-0.372547
-0.37196
-0.372724
-0.37487
-0.378241
-0.382483
-0.387043
-0.391308
-0.394682
-0.396706
-0.397116
-0.395852
-0.393126
-0.389312
-0.384934
-0.380556
-0.376654
-0.373568
-0.371455
-0.3703
-0.369993
-0.37037
-0.371263
-0.372495
-0.373889
-0.375298
-0.376576
-0.37762
-0.378328
-0.378665
-0.378596
-0.378132
-0.37732
-0.376196
-0.374818
-0.373267
-0.371618
-0.369932
-0.368265
-0.36664
-0.365069
-0.363496
-0.361819
-0.359896
-0.357531
-0.354445
-0.350344
-0.344849
-0.33754
-0.328024
-0.316088
-0.302026
-0.287201
-0.274569
-0.268006
-0.270275
-0.280923
-0.296427
-0.312524
-0.326307
-0.336651
-0.343607
-0.347745
-0.349711
-0.350064
-0.349213
-0.347455
-0.345018
-0.342072
-0.338778
-0.335304
-0.331825
-0.328541
-0.325602
-0.32311
-0.321099
-0.319522
-0.318271
-0.317207
-0.316216
-0.315185
-0.314103
-0.313008
-0.311975
-0.311135
-0.310617
-0.310559
-0.311055
-0.312156
-0.313881
-0.316198
-0.319059
-0.322375
-0.326067
-0.330027
-0.334154
-0.338327
-0.342411
-0.346292
-0.349855
-0.352984
-0.355628
-0.357731
-0.359273
-0.360274
-0.360756
-0.360783
-0.360414
-0.359728
-0.35881
-0.357723
-0.356523
-0.355181
-0.353612
-0.351652
-0.349033
-0.345423
-0.340533
-0.334248
-0.326823
-0.319107
-0.312534
-0.308688
-0.308599
-0.312166
-0.318266
-0.325368
-0.332143
-0.33787
-0.342321
-0.345564
-0.347813
-0.349325
-0.350325
-0.351048
-0.35169
-0.352433
-0.353457
-0.354881
-0.356786
-0.359176
-0.362009
-0.365174
-0.368522
-0.371892
-0.375149
-0.378155
-0.38079
-0.382952
-0.384571
-0.385579
-0.385922
-0.385554
-0.384485
-0.382754
-0.38045
-0.377759
-0.374861
-0.37192
-0.369014
-0.366109
-0.363109
-0.360007
-0.357008
-0.354637
-0.353541
-0.354198
-0.356545
-0.359902
-0.363263
-0.365665
-0.366499
-0.365672
-0.36355
-0.360841
-0.358358
-0.356823
-0.356631
-0.35782
-0.360109
-0.36313
-0.366442
-0.369721
-0.372743
-0.375351
-0.377454
-0.378971
-0.379868
-0.38009
-0.379599
-0.37838
-0.376474
-0.373979
-0.37111
-0.368129
-0.365427
-0.363398
-0.362385
-0.362614
-0.364133
-0.366783
-0.370278
-0.37425
-0.37832
-0.382178
-0.385609
-0.388485
-0.390741
-0.392404
-0.39348
-0.394046
-0.394135
-0.393779
-0.393001
-0.391816
-0.390227
-0.388268
-0.385973
-0.383429
-0.380778
-0.378203
-0.375871
-0.373999
-0.372741
-0.372195
-0.37235
-0.373172
-0.374518
-0.376209
-0.378085
-0.379987
-0.381776
-0.383337
-0.384584
-0.385476
-0.38599
-0.386103
-0.385839
-0.38522
-0.384243
-0.38295
-0.381375
-0.37954
-0.377466
-0.375166
-0.37267
-0.370001
-0.367221
-0.364466
-0.361911
-0.359806
-0.358404
-0.357909
-0.358433
-0.359904
-0.362078
-0.364635
-0.367237
-0.369616
-0.371602
-0.373135
-0.374245
-0.375002
-0.375487
-0.375796
-0.375941
-0.375937
-0.375711
-0.375161
-0.374131
-0.372456
-0.369968
-0.366599
-0.362429
-0.357777
-0.353314
-0.349981
-0.34873
-0.350148
-0.354171
-0.360105
-0.366927
-0.373663
-0.379646
-0.384612
-0.38853
-0.391534
-0.393855
-0.395694
-0.397222
-0.398548
-0.399724
-0.400747
-0.401583
-0.402188
-0.402472
-0.402372
-0.401838
-0.400828
-0.399357
-0.397442
-0.395139
-0.392482
-0.389491
-0.386123
-0.382259
-0.37772
-0.372328
-0.365996
-0.358859
-0.351354
-0.344265
-0.338602
-0.335361
-0.335176
-0.338102
-0.34357
-0.350675
-0.358422
-0.365997
-0.372839
-0.378645
-0.383319
-0.386877
-0.389346
-0.390793
-0.391301
-0.390997
-0.390113
-0.388987
-0.388024
-0.38763
-0.388081
-0.389494
-0.391741
-0.394548
-0.397612
-0.400654
-0.403494
-0.406069
-0.408351
-0.410385
-0.412176
-0.413754
-0.415103
-0.416201
-0.417
-0.417453
-0.417502
-0.417128
-0.416309
-0.415066
-0.41347
-0.411624
-0.409668
-0.407789
-0.406152
-0.404888
-0.404046
-0.403536
-0.403205
-0.402823
-0.402157
-0.401076
-0.399667
-0.39822
-0.397259
-0.39735
-0.39895
-0.402228
-0.406979
-0.412707
-0.418799
-0.424688
-0.429987
-0.434424
-0.437886
-0.44031
-0.441726
-0.442163
-0.441707
-0.440498
-0.438707
-0.436597
-0.434446
-0.432513
-0.430948
-0.429807
-0.428942
-0.428123
-0.427136
-0.425801
-0.424035
-0.421873
-0.419402
-0.416741
-0.414052
-0.411475
-0.409208
-0.407457
-0.40645
-0.406346
-0.407201
-0.408955
-0.411453
-0.41446
-0.417722
-0.421019
-0.424181
-0.427102
-0.429739
-0.432053
-0.434065
-0.435752
-0.437043
-0.43784
-0.438036
-0.437581
-0.436477
-0.434918
-0.433232
-0.431822
-0.431038
-0.43098
-0.431484
-0.432173
-0.432603
-0.432424
-0.431535
-0.43004
-0.428245
-0.426574
-0.425421
-0.425099
-0.425714
-0.427163
-0.42915
-0.43126
-0.433069
-0.434226
-0.434459
-0.433587
-0.43152
-0.428206
-0.423677
-0.418061
-0.411747
-0.405448
-0.400168
-0.396894
-0.396159
-0.397734
-0.400722
-0.403905
-0.406201
-0.406896
-0.405686
-0.402692
-0.398424
-0.393774
-0.389903
-0.387886
-0.38835
-0.391157
-0.395543
-0.400472
-0.405031
-0.408652
-0.411064
-0.412284
-0.412419
-0.411666
-0.410207
-0.408228
-0.405882
-0.403315
-0.400652
-0.398026
-0.395543
-0.393305
-0.391421
-0.389999
-0.389164
-0.388992
-0.389548
-0.390859
-0.392874
-0.395499
-0.398543
-0.401813
-0.405101
-0.408248
-0.41112
-0.413603
-0.415634
-0.417197
-0.418273
-0.418889
-0.419068
-0.418884
-0.418387
-0.417694
-0.416918
-0.416221
-0.415731
-0.415581
-0.415835
-0.416543
-0.417659
-0.41914
-0.420893
-0.422837
-0.424947
-0.4272
-0.429592
-0.432142
-0.434813
-0.437581
-0.4404
-0.443208
-0.445962
-0.448552
-0.450862
-0.452694
-0.453792
-0.453806
-0.452297
-0.448774
-0.442771
-0.434007
-0.422751
-0.410195
-0.398683
-0.391239
-0.390195
-0.395788
-0.40613
-0.418431
-0.430403
-0.440839
-0.44946
-0.456474
-0.462254
-0.467114
-0.471222
-0.474599
-0.477217
-0.479042
-0.480097
-0.480464
-0.480297
-0.479799
-0.479147
-0.47846
-0.477805
-0.477179
-0.476503
-0.47566
-0.474545
-0.473076
-0.4712
-0.468966
-0.466453
-0.463876
-0.461507
-0.459657
-0.458609
-0.458564
-0.459502
-0.461228
-0.463361
-0.465405
-0.466855
-0.467289
-0.466433
-0.464223
-0.460799
-0.456488
-0.451714
-0.446945
-0.442582
-0.438915
-0.436146
-0.434401
-0.433734
-0.434107
-0.43539
-0.43738
-0.439865
-0.442659
-0.445596
-0.448588
-0.451546
-0.454385
-0.457019
-0.459367
-0.461306
-0.462717
-0.463511
-0.463559
-0.462716
-0.460836
-0.457818
-0.453599
-0.448282
-0.442147
-0.435747
-0.429842
-0.425234
-0.422467
-0.421591
-0.422185
-0.423522
-0.424846
-0.425633
-0.42563
-0.424813
-0.423318
-0.421367
-0.419151
-0.416834
-0.414513
-0.412199
-0.409869
-0.407467
-0.40496
-0.402368
-0.399799
-0.397484
-0.395703
-0.394756
-0.394796
-0.395807
-0.397521
-0.399485
-0.40124
-0.402387
-0.4027
-0.402176
-0.400999
-0.399486
-0.397973
-0.396734
-0.395887
-0.395466
-0.395388
-0.395591
-0.396045
-0.396716
-0.397487
-0.398221
-0.398697
-0.398707
-0.398095
-0.396834
-0.395007
-0.392828
-0.390636
-0.388794
-0.387634
-0.387338
-0.387913
-0.389187
-0.390855
-0.392595
-0.39414
-0.395271
-0.395895
-0.395955
-0.395461
-0.394417
-0.392831
-0.390642
-0.387781
-0.384102
-0.379437
-0.373624
-0.366561
-0.358341
-0.349394
-0.340611
-0.333235
-0.328525
-0.327255
-0.329282
-0.333704
-0.339296
-0.344997
-0.350159
-0.354525
-0.358091
-0.360975
-0.363322
-0.36526
-0.366893
-0.368255
-0.369396
-0.370343
-0.371142
-0.371837
-0.372462
-0.37309
-0.373783
-0.374575
-0.375512
-0.376614
-0.377866
-0.379248
-0.380713
-0.382214
-0.38371
-0.385144
-0.386497
-0.387744
-0.388849
-0.389821
-0.390646
-0.391337
-0.391892
-0.392319
-0.39266
-0.39291
-0.393114
-0.39327
-0.393418
-0.393539
-0.393605
-0.393556
-0.393296
-0.392649
-0.391431
-0.389401
-0.386319
-0.381943
-0.376114
-0.368897
-0.360659
-0.352214
-0.34478
-0.339765
-0.338262
-0.340563
-0.346027
-0.353377
-0.361268
-0.368677
-0.37504
-0.380183
-0.38417
-0.38716
-0.389363
-0.390924
-0.391965
-0.392574
-0.392833
-0.392811
-0.392653
-0.392566
-0.392784
-0.393546
-0.395079
-0.397496
-0.400788
-0.404849
-0.409468
-0.41438
-0.419337
-0.424111
-0.428532
-0.432484
-0.435885
-0.438698
-0.440934
-0.442573
-0.443591
-0.443965
-0.443619
-0.442443
-0.440259
-0.436832
-0.431889
-0.425191
-0.416641
-0.406499
-0.395531
-0.38507
-0.376623
-0.371163
-0.36857
-0.367644
-0.366838
-0.364968
-0.361632
-0.357223
-0.352639
-0.349015
-0.347382
-0.348393
-0.352188
-0.358357
-0.3661
-0.374463
-0.382559
-0.389678
-0.395398
-0.39952
-0.402059
-0.403193
-0.403197
-0.402426
-0.401262
-0.400049
-0.399104
-0.398639
-0.39875
-0.399444
-0.400634
-0.402175
-0.4039
-0.40561
-0.40715
-0.408356
-0.409091
-0.409201
-0.408506
-0.40679
-0.403772
-0.399119
-0.392484
-0.383512
-0.372046
-0.358273
-0.342965
-0.327704
-0.314733
-0.306419
-0.304452
-0.309066
-0.318957
-0.331888
-0.345514
-0.358075
-0.36854
-0.37652
-0.38205
-0.385362
-0.386762
-0.386526
-0.38489
-0.382047
-0.378118
-0.373229
-0.367511
-0.361133
-0.354265
-0.347108
-0.339846
-0.332676
-0.325845
-0.319693
-0.314708
-0.311449
-0.310398
-0.311854
-0.315797
-0.321875
-0.329534
-0.33815
-0.347108
-0.355872
-0.364022
-0.371233
-0.377346
-0.382234
-0.385924
-0.388435
-0.389818
-0.390144
-0.389446
-0.387763
-0.385185
-0.38183
-0.377913
-0.373766
-0.36984
-0.366599
-0.364423
-0.363502
-0.363739
-0.364812
-0.3663
-0.367783
-0.36898
-0.369761
-0.370135
-0.370241
-0.370264
-0.370436
-0.370939
-0.371938
-0.373494
-0.375613
-0.378224
-0.381219
-0.384477
-0.387857
-0.391243
-0.394542
-0.39769
-0.400638
-0.403379
-0.405904
-0.408251
-0.410442
-0.412504
-0.414485
-0.416415
-0.418346
-0.420282
-0.422251
-0.424237
-0.426211
-0.428127
-0.429902
-0.431459
-0.432671
-0.433382
-0.433406
-0.432541
-0.430533
-0.42714
-0.422178
-0.415578
-0.407492
-0.39841
-0.389164
-0.380887
-0.374741
-0.371506
-0.371327
-0.373666
-0.377555
-0.381983
-0.386148
-0.389591
-0.392221
-0.394216
-0.395958
-0.397913
-0.400511
-0.40406
-0.408693
-0.414288
-0.420601
-0.427292
-0.433998
-0.44045
-0.446451
-0.451899
-0.45677
-0.461089
-0.4649
-0.468248
-0.471155
-0.473631
-0.475661
-0.477201
-0.478191
-0.478529
-0.478134
-0.47691
-0.474777
-0.471739
-0.467854
-0.463323
-0.458434
-0.45356
-0.449099
-0.445348
-0.4425
-0.440664
-0.439869
-0.440118
-0.441353
-0.443369
-0.445779
-0.448132
-0.449934
-0.450821
-0.450625
-0.449418
-0.447476
-0.445189
-0.443048
-0.44151
-0.441024
-0.441933
-0.444439
-0.44847
-0.453746
-0.459807
-0.466201
-0.472549
-0.478648
-0.484397
-0.489667
-0.49434
-0.498246
-0.501151
-0.502825
-0.503071
-0.501726
-0.498758
-0.494218
-0.488342
-0.481501
-0.474238
-0.46721
-0.461101
-0.456494
-0.453781
-0.453097
-0.45427
-0.456915
-0.4605
-0.464465
-0.468297
-0.471538
-0.473865
-0.475071
-0.47509
-0.473996
-0.471971
-0.469265
-0.46617
-0.463046
-0.460256
-0.458198
-0.457269
-0.457699
-0.459471
-0.462284
-0.465623
-0.468891
-0.471561
-0.473274
-0.473826
-0.473201
-0.471423
-0.468619
-0.464892
-0.460339
-0.455103
-0.449308
-0.443143
-0.436853
-0.430724
-0.425092
-0.420282
-0.41651
-0.41386
-0.412284
-0.411608
-0.411548
-0.411801
-0.412006
-0.411893
-0.411228
-0.409939
-0.408162
-0.406146
-0.404279
-0.402943
-0.402415
-0.40278
-0.403912
-0.405495
-0.407119
-0.408385
-0.408994
-0.408743
-0.407583
-0.405538
-0.402727
-0.399323
-0.395536
-0.391612
-0.387799
-0.384342
-0.38147
-0.379358
-0.378148
-0.377903
-0.37858
-0.38007
-0.382214
-0.38481
-0.387667
-0.390606
-0.39351
-0.396285
-0.398873
-0.401274
-0.403456
-0.405414
-0.407122
-0.408529
-0.409606
-0.410275
-0.410431
-0.409986
-0.408843
-0.406942
-0.404259
-0.400882
-0.396998
-0.392954
-0.389178
-0.386059
-0.383809
-0.382411
-0.381585
-0.380908
-0.379976
-0.378501
-0.376429
-0.373894
-0.371195
-0.368699
-0.366789
-0.365719
-0.365639
-0.366497
-0.368066
-0.36997
-0.371738
-0.3729
-0.373037
-0.371898
-0.369487
-0.366039
-0.362059
-0.35807
-0.35455
-0.351687
-0.349419
-0.347586
-0.3461
-0.345024
-0.344615
-0.345183
-0.346963
-0.350026
-0.354236
-0.35931
-0.364863
-0.370539
-0.376052
-0.381227
-0.38601
-0.390405
-0.394467
-0.398219
-0.401697
-0.404896
-0.407799
-0.410411
-0.412712
-0.414697
-0.41634
-0.4176
-0.41844
-0.418773
-0.418468
-0.417382
-0.415355
-0.412253
-0.408015
-0.402758
-0.396862
-0.390939
-0.385655
-0.381496
-0.37842
-0.375854
-0.373015
-0.369446
-0.365503
-0.362469
-0.362125
-0.365829
-0.373763
-0.384844
-0.397329
-0.409578
-0.420505
-0.429573
-0.436683
-0.441964
-0.445684
-0.448102
-0.449463
-0.450026
-0.449955
-0.44943
-0.448559
-0.447393
-0.445969
-0.444266
-0.442265
-0.439929
-0.437314
-0.43454
-0.431817
-0.429423
-0.427625
-0.426572
-0.426267
-0.426597
-0.42737
-0.428414
-0.429663
-0.431115
-0.432846
-0.434897
-0.437225
-0.439754
-0.442309
-0.444707
-0.446804
-0.448454
-0.449605
-0.45022
-0.450312
-0.44994
-0.449176
-0.448143
-0.446994
-0.445917
-0.445116
-0.444794
-0.445128
-0.446191
-0.447951
-0.450236
-0.452811
-0.455393
-0.457729
-0.459578
-0.460812
-0.461345
-0.461107
-0.460106
-0.458297
-0.455657
-0.452134
-0.447679
-0.44223
-0.435733
-0.42815
-0.419515
-0.410077
-0.400304
-0.391048
-0.383475
-0.378835
-0.378049
-0.381288
-0.387888
-0.396646
-0.406266
-0.415685
-0.424189
-0.431363
-0.437042
-0.441175
-0.443828
-0.44513
-0.445209
-0.444217
-0.442304
-0.439603
-0.43624
-0.432339
-0.428053
-0.423548
-0.419029
-0.414748
-0.410952
-0.40788
-0.405707
-0.404489
-0.404168
-0.404566
-0.405486
-0.406675
-0.407912
-0.409033
-0.40989
-0.410383
-0.410456
-0.410059
-0.40915
-0.40772
-0.405745
-0.403231
-0.400216
-0.396785
-0.3931
-0.389395
-0.385963
-0.383149
-0.381232
-0.380392
-0.380631
-0.381744
-0.383423
-0.385272
-0.386952
-0.388173
-0.388715
-0.388447
-0.387259
-0.385101
-0.381929
-0.377694
-0.372423
-0.366216
-0.359261
-0.351965
-0.344918
-0.33884
-0.334414
-0.332102
-0.332088
-0.334191
-0.338
-0.34305
-0.34885
-0.354963
-0.360989
-0.366614
-0.371583
-0.375755
-0.379065
-0.381557
-0.383267
-0.384316
-0.384816
-0.384879
-0.384615
-0.384099
-0.383422
-0.382647
-0.381797
-0.380891
-0.37992
-0.378871
-0.377677
-0.376277
-0.374634
-0.372724
-0.37055
-0.368214
-0.365881
-0.363779
-0.362221
-0.361489
-0.361789
-0.363182
-0.365564
-0.368703
-0.372268
-0.37596
-0.379524
-0.382778
-0.385597
-0.387921
-0.389713
-0.39092
-0.391535
-0.391513
-0.390802
-0.389367
-0.387222
-0.384428
-0.381124
-0.377584
-0.374216
-0.371489
-0.36985
-0.36968
-0.371103
-0.374039
-0.37814
-0.382998
-0.388135
-0.393126
-0.397713
-0.401656
-0.404879
-0.407342
-0.409112
-0.410287
-0.411048
-0.411588
-0.412137
-0.412871
-0.413845
-0.415007
-0.416136
-0.416934
-0.417104
-0.416447
-0.414886
-0.412487
-0.4094
-0.405747
-0.401674
-0.397304
-0.392837
-0.388665
-0.385462
-0.38402
-0.384952
-0.388351
-0.393689
-0.400026
-0.406429
-0.412258
-0.417235
-0.421399
-0.424925
-0.42804
-0.430902
-0.433613
-0.436218
-0.438725
-0.441114
-0.44336
-0.445432
-0.447304
-0.448936
-0.450271
-0.45124
-0.451739
-0.451643
-0.45083
-0.449183
-0.446669
-0.443337
-0.439424
-0.435323
-0.431562
-0.4287
-0.427266
-0.427584
-0.429727
-0.433591
-0.438861
-0.445152
-0.452011
-0.458989
-0.465702
-0.471807
-0.477061
-0.481321
-0.484497
-0.486565
-0.487526
-0.487399
-0.486202
-0.483961
-0.480704
-0.476467
-0.471338
-0.465427
-0.458955
-0.452177
-0.445417
-0.439017
-0.433227
-0.428185
-0.42382
-0.419925
-0.416288
-0.412725
-0.40927
-0.406109
-0.403568
-0.402033
-0.401752
-0.402822
-0.405118
-0.408349
-0.412146
-0.416115
-0.419909
-0.42323
-0.425887
-0.427714
-0.42869
-0.428811
-0.428179
-0.426978
-0.42547
-0.42397
-0.422781
-0.422135
-0.422137
-0.422741
-0.423791
-0.425015
-0.426119
-0.426846
-0.426966
-0.426342
-0.424898
-0.422639
-0.419656
-0.416161
-0.412456
-0.408867
-0.405695
-0.403131
-0.401207
-0.399808
-0.398729
-0.397798
-0.396906
-0.396084
-0.395471
-0.395221
-0.395396
-0.395968
-0.396792
-0.397646
-0.398311
-0.398623
-0.3985
-0.397942
-0.397023
-0.395847
-0.394532
-0.393208
-0.391948
-0.390811
-0.389798
-0.388894
-0.388025
-0.38712
-0.386098
-0.384898
-0.383475
-0.381803
-0.379881
-0.377727
-0.375384
-0.372932
-0.370516
-0.368346
-0.366692
-0.365823
-0.365931
-0.367075
-0.369161
-0.371966
-0.375238
-0.378722
-0.38218
-0.385429
-0.388329
-0.390745
-0.39257
-0.39372
-0.39414
-0.393873
-0.392977
-0.391646
-0.390141
-0.38883
-0.388061
-0.388103
-0.38904
-0.390768
-0.392974
-0.395251
-0.397201
-0.398481
-0.398896
-0.398361
-0.396902
-0.394732
-0.392178
-0.389693
-0.38783
-0.387096
-0.387867
-0.390207
-0.39389
-0.398464
-0.403382
-0.408143
-0.412391
-0.415914
-0.418619
-0.42053
-0.421709
-0.422211
-0.422115
-0.421485
-0.420349
-0.418723
-0.416605
-0.413973
-0.410804
-0.407069
-0.402773
-0.397946
-0.392694
-0.387144
-0.381556
-0.376287
-0.371769
-0.368505
-0.366972
-0.367577
-0.370481
-0.375586
-0.382475
-0.390431
-0.39847
-0.405413
-0.409848
-0.410195
-0.404849
-0.39294
-0.375863
-0.358889
-0.350068
-0.3545
-0.369473
-0.387181
-0.401179
-0.409117
-0.411642
-0.41062
-0.408017
-0.405475
-0.404126
-0.404558
-0.406845
-0.410706
-0.415576
-0.420846
-0.425956
-0.430512
-0.434271
-0.437135
-0.439119
-0.440275
-0.440692
-0.440448
-0.439636
-0.438319
-0.436552
-0.434356
-0.431772
-0.428818
-0.425503
-0.4218
-0.417684
-0.413075
-0.407827
-0.401729
-0.394544
-0.386103
-0.376469
-0.366232
-0.356637
-0.34944
-0.346282
-0.34781
-0.35337
-0.361408
-0.370286
-0.378865
-0.386603
-0.393337
-0.399048
-0.403726
-0.40732
-0.40972
-0.410754
-0.410268
-0.408123
-0.404221
-0.39861
-0.391556
-0.383579
-0.375515
-0.368446
-0.363451
-0.361348
-0.362432
-0.366378
-0.372393
-0.379445
-0.38657
-0.392971
-0.398119
-0.401747
-0.403839
-0.40453
-0.404141
-0.403075
-0.401762
-0.40062
-0.39988
-0.399565
-0.399553
-0.399604
-0.399469
-0.398962
-0.398036
-0.39675
-0.395299
-0.393954
-0.392977
-0.392579
-0.392856
-0.393766
-0.395145
-0.396735
-0.398254
-0.399367
-0.399778
-0.399223
-0.397505
-0.394515
-0.390324
-0.385263
-0.379991
-0.375512
-0.372882
-0.372864
-0.375592
-0.380481
-0.386507
-0.392622
-0.398005
-0.402173
-0.404925
-0.406282
-0.406395
-0.40549
-0.403923
-0.40212
-0.400488
-0.399453
-0.399253
-0.39996
-0.401435
-0.403374
-0.405461
-0.407398
-0.408989
-0.410117
-0.410767
-0.410983
-0.410856
-0.410501
-0.410074
-0.409687
-0.409442
-0.409426
-0.409687
-0.410232
-0.410998
-0.411899
-0.41279
-0.413543
-0.414018
-0.414096
-0.41375
-0.412969
-0.411821
-0.410394
-0.408848
-0.407338
-0.406058
-0.405131
-0.404689
-0.404757
-0.405262
-0.406088
-0.406994
-0.407728
-0.408052
-0.407752
-0.406729
-0.404963
-0.402522
-0.39956
-0.396327
-0.393118
-0.390192
-0.387865
-0.386403
-0.386047
-0.386964
-0.389244
-0.392826
-0.397516
-0.403023
-0.408979
-0.414997
-0.420752
-0.426003
-0.430576
-0.434382
-0.43738
-0.439573
-0.440995
-0.44169
-0.441702
-0.441045
-0.439765
-0.437862
-0.435328
-0.432134
-0.428201
-0.423446
-0.417771
-0.411113
-0.403528
-0.395357
-0.387394
-0.38085
-0.377149
-0.377287
-0.381329
-0.388245
-0.396341
-0.403876
-0.40944
-0.412112
-0.411446
-0.407626
-0.401722
-0.395878
-0.3929
-0.395023
-0.402538
-0.413612
-0.42556
-0.436144
-0.444176
-0.449376
-0.451944
-0.452261
-0.450656
-0.44746
-0.442912
-0.437255
-0.430732
-0.423642
-0.416362
-0.409298
-0.402876
-0.397441
-0.393332
-0.390821
-0.390167
-0.391587
-0.395167
-0.400799
-0.408047
-0.416184
-0.424305
-0.431451
-0.436896
-0.440225
-0.441463
-0.441149
-0.440211
-0.439734
-0.440526
-0.442762
-0.44588
-0.448868
-0.450632
-0.450401
-0.447805
-0.442963
-0.436311
-0.428486
-0.42013
-0.411707
-0.40355
-0.395934
-0.389204
-0.383772
-0.379871
-0.377392
-0.375859
-0.374854
-0.374556
-0.375881
-0.379972
-0.387417
-0.397649
-0.409257
-0.420727
-0.431024
-0.439688
-0.446695
-0.452199
-0.456371
-0.459345
-0.461218
-0.462057
-0.461963
-0.46101
-0.459373
-0.457221
-0.454772
-0.452273
-0.449974
-0.448125
-0.44691
-0.44645
-0.446779
-0.447819
-0.449434
-0.451418
-0.453557
-0.455613
-0.457437
-0.458901
-0.459949
-0.460582
-0.460867
-0.460902
-0.460817
-0.460776
-0.460928
-0.461387
-0.462205
-0.463374
-0.4648
-0.466326
-0.467782
-0.468981
-0.469765
-0.469982
-0.469574
-0.468514
-0.46682
-0.464573
-0.461872
-0.458867
-0.455772
-0.452825
-0.450303
-0.448527
-0.447719
-0.448031
-0.449492
-0.451945
-0.455147
-0.458752
-0.462401
-0.46578
-0.468656
-0.470878
-0.472393
-0.47325
-0.473551
-0.473463
-0.473164
-0.472831
-0.472586
-0.472519
-0.472669
-0.472944
-0.473252
-0.473433
-0.473315
-0.472732
-0.471576
-0.469782
-0.467425
-0.464663
-0.461771
-0.459081
-0.456928
-0.45559
-0.455229
-0.455922
-0.457624
-0.460181
-0.463343
-0.466795
-0.470219
-0.47334
-0.475979
-0.478071
-0.479655
-0.480831
-0.481716
-0.482358
-0.482744
-0.482777
-0.482315
-0.481195
-0.479255
-0.476384
-0.47251
-0.467612
-0.461711
-0.454887
-0.447229
-0.438968
-0.430512
-0.422475
-0.415704
-0.411136
-0.409527
-0.41118
-0.415777
-0.422454
-0.430064
-0.437534
-0.444098
-0.449376
-0.453342
-0.456201
-0.458271
-0.459802
-0.460942
-0.461701
-0.461945
-0.461472
-0.460071
-0.457638
-0.454211
-0.450028
-0.445522
-0.441222
-0.437645
-0.435185
-0.434015
-0.434094
-0.435253
-0.4372
-0.439527
-0.44181
-0.4436
-0.444499
-0.444226
-0.442591
-0.439485
-0.434857
-0.428634
-0.42073
-0.411152
-0.400137
-0.388371
-0.377125
-0.368144
-0.363272
-0.36367
-0.36931
-0.378954
-0.390705
-0.402673
-0.41344
-0.422258
-0.42887
-0.433343
-0.435859
-0.436656
-0.435907
-0.43377
-0.430342
-0.425759
-0.420226
-0.414082
-0.407812
-0.402026
-0.39738
-0.394323
-0.393078
-0.393481
-0.39508
-0.397311
-0.399654
-0.40174
-0.403372
-0.404489
-0.405107
-0.405284
-0.405147
-0.404801
-0.404379
-0.404012
-0.403788
-0.403813
-0.404143
-0.404801
-0.405751
-0.406949
-0.408327
-0.409805
-0.411307
-0.41275
-0.414068
-0.415234
-0.416215
-0.417017
-0.417616
-0.418025
-0.418286
-0.418406
-0.41841
-0.418369
-0.418329
-0.418366
-0.418552
-0.418936
-0.419581
-0.420519
-0.421745
-0.423246
-0.424969
-0.426838
-0.428767
-0.430669
-0.432459
-0.434012
-0.435268
-0.43616
-0.436648
-0.436692
-0.436307
-0.435538
-0.434471
-0.433204
-0.431893
-0.430691
-0.429782
-0.429319
-0.429425
-0.430188
-0.431619
-0.433681
-0.436254
-0.439232
-0.442423
-0.445663
-0.448829
-0.451758
-0.454374
-0.456586
-0.458365
-0.459697
-0.46059
-0.461029
-0.461036
-0.460631
-0.459818
-0.45863
-0.457152
-0.455446
-0.453657
-0.451918
-0.450352
-0.449071
-0.448079
-0.447334
-0.446775
-0.446357
-0.44611
-0.44618
-0.446783
-0.448077
-0.450075
-0.452596
-0.455368
-0.458134
-0.460742
-0.463114
-0.465315
-0.467367
-0.469279
-0.471056
-0.472654
-0.474051
-0.47522
-0.47617
-0.476939
-0.477576
-0.478128
-0.478625
-0.479126
-0.47964
-0.480191
-0.48078
-0.481369
-0.481913
-0.482346
-0.482588
-0.482546
-0.482115
-0.481186
-0.479675
-0.477581
-0.474952
-0.471962
-0.468897
-0.46604
-0.463621
-0.461686
-0.460088
-0.458494
-0.456534
-0.453969
-0.450768
-0.447155
-0.443458
-0.440059
-0.437167
-0.434766
-0.432681
-0.43062
-0.42836
-0.425712
-0.422652
-0.419245
-0.415758
-0.412624
-0.410423
-0.409735
-0.410972
-0.414131
-0.418848
-0.424493
-0.430415
-0.43614
-0.441401
-0.446152
-0.450451
-0.454361
-0.457896
-0.460978
-0.463489
-0.465254
-0.466075
-0.465743
-0.464104
-0.461024
-0.456469
-0.450521
-0.443452
-0.435794
-0.428282
-0.421763
-0.417028
-0.414488
-0.41413
-0.415502
-0.417968
-0.420896
-0.423824
-0.426473
-0.428701
-0.430461
-0.431772
-0.432648
-0.433149
-0.433298
-0.433181
-0.432851
-0.432394
-0.431856
-0.431313
-0.430816
-0.430369
-0.429993
-0.429661
-0.429347
-0.428998
-0.428545
-0.427895
-0.426975
-0.425661
-0.42385
-0.421426
-0.418305
-0.414412
-0.409742
-0.40434
-0.398357
-0.392027
-0.385674
-0.379653
-0.374299
-0.369842
-0.366437
-0.364048
-0.362574
-0.361893
-0.362024
-0.363142
-0.365582
-0.369593
-0.375112
-0.381715
-0.388769
-0.395577
-0.401686
-0.406843
-0.410991
-0.414232
-0.416705
-0.418577
-0.419982
-0.421037
-0.421822
-0.422425
-0.422899
-0.423281
-0.423593
-0.423843
-0.424039
-0.424143
-0.424116
-0.423891
-0.423392
-0.422535
-0.421179
-0.419239
-0.416608
-0.413259
-0.409245
-0.404722
-0.399996
-0.395474
-0.391645
-0.388984
-0.387778
-0.388073
-0.389685
-0.39224
-0.395284
-0.398433
-0.401416
-0.404103
-0.406434
-0.40842
-0.410122
-0.411582
-0.412876
-0.414045
-0.415188
-0.41636
-0.417633
-0.419027
-0.420548
-0.42218
-0.423842
-0.425459
-0.426926
-0.428146
-0.429057
-0.429596
-0.429771
-0.429651
-0.429389
-0.429159
-0.429155
-0.429581
-0.430576
-0.432211
-0.434467
-0.437249
-0.440417
-0.443746
-0.44704
-0.450102
-0.452779
-0.454972
-0.456618
-0.457719
-0.458305
-0.458402
-0.458052
-0.457288
-0.456105
-0.45446
-0.452308
-0.449577
-0.446197
-0.442105
-0.437301
-0.431879
-0.42608
-0.420363
-0.415375
-0.411949
-0.410782
-0.412263
-0.416222
-0.421975
-0.428591
-0.43522
-0.441241
-0.446375
-0.450572
-0.453963
-0.456714
-0.458967
-0.460812
-0.462302
-0.463473
-0.464325
-0.464872
-0.46514
-0.465188
-0.465054
-0.464782
-0.46442
-0.463973
-0.463479
-0.462911
-0.462275
-0.461535
-0.460693
-0.459739
-0.458697
-0.457593
-0.456499
-0.455467
-0.454567
-0.453832
-0.453279
-0.452816
-0.452275
-0.451362
-0.449643
-0.446495
-0.441129
-0.432628
-0.420313
-0.404336
-0.386602
-0.371071
-0.362335
-0.362437
-0.369163
-0.377869
-0.384608
-0.387656
-0.387191
-0.384426
-0.381016
-0.378526
-0.378188
-0.380562
-0.385478
-0.392186
-0.399713
-0.407151
-0.413875
-0.419594
-0.424262
-0.428035
-0.43115
-0.433836
-0.436293
-0.438619
-0.440849
-0.442936
-0.444793
-0.446359
-0.447571
-0.448396
-0.448823
-0.448897
-0.44865
-0.448156
-0.447458
-0.446591
-0.445616
-0.444532
-0.443345
-0.442024
-0.440512
-0.438711
-0.436525
-0.433846
-0.430562
-0.426575
-0.421859
-0.416406
-0.410304
-0.403704
-0.396925
-0.390407
-0.38475
-0.380609
-0.378532
-0.378832
-0.381408
-0.385859
-0.391522
-0.397665
-0.403623
-0.408842
-0.412917
-0.415651
-0.416975
-0.417053
-0.416221
-0.415017
-0.414064
-0.413894
-0.414841
-0.416881
-0.41968
-0.422738
-0.425569
-0.427823
-0.429293
-0.429969
-0.429901
-0.429205
-0.42799
-0.426292
-0.42412
-0.421436
-0.418177
-0.414338
-0.410028
-0.405531
-0.401289
-0.39791
-0.395958
-0.395802
-0.397475
-0.400691
-0.404933
-0.409636
-0.41426
-0.418447
-0.421911
-0.424536
-0.42629
-0.427226
-0.427492
-0.427278
-0.42681
-0.426341
-0.426069
-0.426177
-0.426771
-0.427865
-0.429434
-0.431369
-0.433552
-0.435852
-0.438107
-0.440219
-0.442072
-0.443575
-0.444615
-0.4451
-0.444898
-0.443872
-0.441866
-0.438718
-0.434283
-0.428398
-0.421001
-0.412111
-0.401994
-0.39133
-0.381427
-0.374167
-0.371472
-0.374275
-0.381806
-0.391862
-0.40188
-0.409995
-0.415305
-0.41775
-0.417823
-0.416365
-0.414338
-0.412702
-0.412211
-0.413285
-0.415924
-0.419769
-0.424263
-0.428774
-0.432772
-0.435833
-0.437655
-0.438108
-0.437208
-0.435151
-0.432311
-0.429278
-0.426682
-0.425056
-0.424628
-0.425224
-0.426344
-0.427317
-0.427547
-0.426648
-0.424592
-0.421661
-0.41843
-0.415614
-0.413915
-0.413667
-0.414764
-0.416637
-0.418584
-0.42009
-0.421168
-0.422393
-0.42459
-0.428364
-0.433728
-0.440057
-0.446423
-0.452014
-0.456322
-0.459214
-0.460821
-0.461406
-0.461221
-0.460475
-0.459282
-0.457649
-0.455523
-0.452859
-0.449654
-0.445983
-0.442055
-0.438159
-0.434685
-0.432012
-0.430436
-0.430132
-0.431098
-0.433176
-0.436121
-0.439649
-0.443511
-0.447478
-0.451392
-0.455121
-0.458592
-0.46172
-0.464469
-0.466791
-0.468692
-0.470196
-0.471315
-0.472079
-0.472541
-0.472728
-0.472688
-0.472449
-0.472067
-0.471568
-0.470987
-0.470356
-0.469698
-0.469029
-0.468363
-0.467725
-0.467114
-0.466547
-0.466025
-0.46556
-0.465135
-0.464767
-0.464412
-0.464081
-0.463754
-0.463401
-0.462981
-0.462466
-0.461824
-0.460981
-0.459906
-0.458565
-0.456945
-0.455087
-0.453083
-0.451099
-0.449347
-0.448074
-0.447465
-0.447603
-0.448487
-0.450019
-0.452076
-0.45452
-0.457275
-0.460287
-0.463456
-0.466676
-0.469737
-0.472375
-0.474267
-0.475057
-0.474399
-0.472023
-0.467775
-0.461751
-0.454421
-0.446677
-0.439766
-0.434891
-0.432779
-0.433361
-0.435908
-0.439378
-0.44292
-0.445965
-0.448255
-0.4497
-0.450236
-0.449871
-0.448674
-0.446881
-0.444884
-0.443327
-0.44284
-0.443924
-0.446642
-0.450652
-0.455299
-0.459858
-0.463766
-0.466719
-0.46869
-0.469825
-0.470382
-0.470655
-0.47089
-0.471251
-0.471817
-0.47255
-0.473334
-0.473998
-0.47434
-0.474172
-0.47333
-0.471672
-0.469098
-0.46558
-0.461142
-0.455878
-0.449996
-0.443792
-0.437629
-0.431885
-0.426868
-0.422771
-0.419585
-0.417211
-0.415377
-0.413794
-0.412182
-0.410449
-0.408763
-0.407561
-0.407521
-0.409298
-0.413172
-0.418865
-0.425582
-0.432341
-0.438246
-0.442711
-0.445472
-0.446547
-0.446141
-0.444603
-0.442333
-0.439759
-0.437291
-0.435272
-0.43392
-0.433322
-0.433419
-0.434018
-0.434911
-0.435862
-0.436699
-0.437319
-0.437692
-0.437852
-0.437826
-0.437646
-0.437303
-0.43674
-0.43587
-0.434567
-0.432711
-0.430242
-0.427106
-0.423352
-0.419105
-0.414612
