-0.49234   0.484727   0.492758
0.199031   0.482015   -0.138443
0.481629   0.343983   -0.0805466
0.0223783   -0.308903   -0.39302
-0.0501777   0.348636   -0.394738
-0.194668   0.32126   -0.0146189
-0.395982   -0.127707   -0.328018
0.000921914   -0.285198   0.401025
-0.0309891   -0.467377   0.292606
-0.177454   -0.16087   -0.465442
-0.0418068   0.117072   -0.287841
-0.494181   0.0264989   -0.442741
0.202668   -0.388584   -0.28389
-0.46801   -0.352669   0.384936
-0.231752   -0.0113171   0.347747
-0.0446604   -0.0781824   0.352775
-0.49063   0.263855   -0.444923
0.316693   0.255804   -0.44299
-0.363804   0.475203   0.331877
0.30454   0.311593   -0.03975
-0.160316   -0.490855   -0.341603
-0.127285   0.437032   0.428919
0.00458416   -0.0882263   -0.422481
-0.42568   0.264493   -0.238908
0.109551   -0.044277   0.147909
-0.0799333   0.0932236   -0.487977
-0.333708   0.0377272   -0.0368732
-0.37007   -0.349605   -0.421537
-0.0139547   -0.300487   0.137772
0.391803   0.391217   -0.298525
0.299788   0.458582   -0.483327
-0.222344   0.235793   -0.354711
-0.262294   -0.134437   -0.148748
-0.0091856   0.38297   0.142779
0.40574   -0.134082   -0.320791
0.226308   -0.342821   -0.0364293
-0.198868   -0.269331   -0.27783
0.370687   -0.257978   -0.161963
0.0844223   0.317883   0.400465
0.418194   0.25822   0.129661
-0.137607   -0.0210985   0.167179
0.0960754   0.0920116   0.355609
-0.46938   0.051393   -0.217636
-0.179461   -0.195632   0.230966
0.489974   0.120941   -0.0109422
0.0323121   0.135922   0.0924854
0.489477   -0.0563122   0.0649319
0.249059   0.416396   0.175432
0.0268729   -0.431558   0.00420132
-0.222561   -0.401202   0.301424
-0.446796   0.047033   0.355942
-0.383998   -0.292424   0.172876
0.155232   -0.477423   0.372868
-0.212946   0.253763   0.42988
0.175763   -0.118202   -0.270706
0.196661   0.178502   -0.139762
-0.389618   0.308656   0.0556838
0.30942   -0.0392758   0.381588
-0.187704   -0.393036   0.0927146
-0.106731   0.0828539   -0.0347312
-0.350577   0.466657   -0.244552
0.36747   -0.334424   0.22061
-0.0614389   0.213375   0.273256
-0.414853   -0.334999   -0.224404
-0.369816   -0.445429   0.0376245
0.381751   0.0447888   0.201394
0.486137   -0.168764   0.270794
-0.3458   -0.0145918   0.183114
0.0974365   -0.172148   -0.00406427
0.180849   -0.18891   -0.462495
0.0599571   -0.318672   -0.172813
-0.0465027   -0.110149   -0.204246
0.417972   -0.385068   -0.389973
0.435364   -0.162912   0.465592
0.487647   -0.305412   0.035957
-0.256104   0.238894   0.171752
0.199406   0.354369   -0.282214
-0.191657   0.406831   0.241916
0.184037   -0.369761   0.175164
-0.287494   0.0511419   -0.470945
0.0168909   0.468203   -0.238249
0.129844   0.212319   -0.399086
0.368489   0.469982   0.325617
-0.416416   0.265083   0.272193
-0.0826013   -0.118204   0.00317071
-0.143371   -0.481667   -0.132747
0.0971679   0.474005   -0.443665
0.376894   0.134648   -0.289781
0.450059   0.455111   0.0871836
0.330617   0.184705   0.336298
0.333874   -0.32527   0.419519
0.221328   0.03371   -0.413554
0.0992837   0.317627   -0.0369538
0.171804   -0.207368   0.297776
-0.17933   -0.375641   0.483187
-0.20462   -0.0483285   -0.316755
0.25146   0.102657   0.0547435
0.431465   -0.479334   -0.124318
-0.229068   0.118223   -0.192458
-0.323463   -0.156941   0.0455634
0.314147   -0.131654   0.0172336
0.133737   0.244927   0.226234
-0.332795   -0.184338   0.364563
-0.295756   0.409856   -0.454948
0.104072   0.0174674   -0.0668806
-0.475718   -0.116363   -0.114223
-0.0722021   0.264084   -0.151721
0.307533   0.0114978   -0.161973
