0.479534   0.498408   -0.495813
-0.326758   -0.32144   -0.493521
-0.485645   -0.33438   -0.346285
-0.318983   -0.490856   -0.332052
-0.16469   -0.493738   -0.498385
-0.0112499   -0.327599   0.494408
-0.145138   -0.317905   -0.325039
-0.00601958   0.496641   -0.336647
0.166119   -0.498975   -0.489426
0.320925   -0.335164   0.490442
0.164086   -0.335837   -0.328457
0.335339   -0.46842   -0.326842
-0.49322   -0.178814   -0.499742
-0.347082   0.00898523   0.487976
-0.495918   0.00242522   -0.341817
-0.328615   -0.155586   -0.331804
-0.157352   -0.149384   0.488285
-0.0120041   0.0117098   -0.4979
-0.144406   0.00527002   -0.30329
0.00871166   -0.167628   -0.33004
0.166313   -0.161928   0.491304
0.298946   0.00759511   -0.496651
0.17111   -0.0170283   -0.320636
0.316515   -0.182107   -0.347617
0.489091   0.174632   0.496981
-0.349163   0.347763   -0.479744
0.488245   0.344749   -0.341433
-0.328756   0.178522   -0.325661
-0.18603   0.173618   -0.493165
-0.0127421   0.324063   -0.491972
-0.162657   0.33079   -0.334712
0.0155806   0.161678   -0.325688
0.153078   0.170377   0.491529
0.33018   0.312297   0.488598
0.176116   0.323689   -0.341074
0.318053   0.15457   -0.34105
-0.483662   -0.481008   -0.18135
-0.322011   -0.32496   -0.171626
0.493   -0.320455   -0.00745788
-0.345928   -0.480184   -0.00925664
-0.155906   0.490496   -0.167367
0.00253344   -0.349926   -0.158111
-0.165721   -0.331009   0.0073038
0.014624   0.484182   0.0195186
0.163447   0.499146   -0.17354
0.330718   -0.332007   -0.155464
0.173695   -0.34859   0.00784639
0.336305   -0.489884   -0.00265982
0.491276   -0.178173   -0.189429
-0.33541   -0.0091399   -0.163459
-0.489021   0.00638382   -0.0217676
-0.327011   -0.162726   0.00782277
-0.150732   -0.167425   -0.159092
0.00435367   0.00883216   -0.149114
-0.169297   0.00843749   -0.00759859
0.000305231   -0.162924   0.00609963
0.149677   -0.166699   -0.165214
0.34925   -0.00175121   -0.185359
0.169545   -0.01909   0.00367819
0.328618   -0.180802   0.00784124
0.485474   0.169182   -0.179067
-0.323256   0.354048   -0.177773
0.498614   0.352376   -0.0186665
-0.328888   0.173651   7.81402e-05
-0.163149   0.179076   -0.168567
0.014653   0.325679   -0.154604
-0.155944   0.317063   -0.00764881
0.0048447   0.163279   0.00667352
0.177962   0.163173   -0.143311
0.343545   0.33477   -0.167571
0.170767   0.329012   0.00652419
0.341047   0.164141   0.0129455
-0.49735   -0.494616   0.163765
-0.333141   -0.344167   0.165779
-0.4968   -0.33575   0.336197
-0.354826   0.492882   0.351952
-0.171882   0.49691   0.147891
-0.0126046   -0.331095   0.162377
-0.170809   -0.340395   0.317633
-0.0195462   -0.497369   0.333342
0.175605   0.495103   0.168035
0.331506   -0.336425   0.168386
0.160528   -0.349979   0.334733
0.33688   0.492384   0.334403
-0.486531   -0.169155   0.16392
-0.322333   0.00215106   0.153634
-0.488429   -0.0250475   0.339191
-0.325013   -0.17405   0.343153
-0.180492   -0.172542   0.179864
-0.0147726   0.00546986   0.182168
-0.168976   -0.00365262   0.331062
0.00328449   -0.170894   0.314074
0.174551   -0.178701   0.166551
0.335919   -0.0212916   0.174143
0.162623   -0.00371594   0.315139
0.340197   -0.165004   0.354948
-0.482365   0.178587   0.161861
-0.318345   0.327286   0.146214
-0.489506   0.334305   0.336678
-0.331961   0.167552   0.329583
-0.166311   0.166717   0.163912
-0.0127897   0.340022   0.197086
-0.184778   0.346667   0.349724
-0.023843   0.177334   0.345922
0.15099   0.16052   0.153536
0.336652   0.330116   0.17237
0.168314   0.339984   0.325608
0.326529   0.15269   0.300854
