          20   0.0461329           0           0
          20   0.0691993           0           0
          20   0.0922657           0           0
          20    0.115332           0           0
          20    0.138399           0           0
          20    0.161465           0           0
          20    0.184531           0           0
          20    0.207598           0           0
          20    0.230664           0           0
          20    0.253731           0           0
          20    0.276797           0           0
          20    0.299864           0           0
          20     0.32293           0           0
          20    0.345996           0           0
          20    0.369063           0           0
          20    0.392129           0           0
          20    0.415196           0           0
          20    0.438262           0           0
          20    0.461329           0           0
          20    0.484395           0           0
          20    0.507461           0           0
          20    0.530528           0           0
          20    0.553594           0           0
          20    0.576661           0           0
          20    0.599727           0           0
          20    0.622794           0           0
          20     0.64586           0           0
          20    0.668926           0           0
          20    0.691993           0           0
          20    0.715059           0           0
          20    0.738126           0           0
          20    0.761192           0           0
          20    0.784259           0           0
          20    0.807325           0           0
          20    0.830391           0           0
          20    0.853458           0           0
          20    0.876524           0           0
          20    0.899591           0           0
          20    0.922657 0.000109138 1.84005e-05
          20    0.945724  0.00407738 8.30778e-05
          20     0.96879   0.0568098 0.000319311
          20    0.991856     0.35471  0.00139191
          20     1.01492     1.22208  0.00229021
          20     1.03799     2.72616  0.00295553
          20     1.06106     4.42773  0.00288182
          20     1.08412     5.65205  0.00273046
          20     1.10719     6.00707  0.00410606
          20     1.13026     5.51587  0.00281561
          20     1.15332      4.5036  0.00392969
          20     1.17639     3.31997   0.0014141
          20     1.19945     2.24256  0.00165353
          20     1.22252     1.39381  0.00116271
          20     1.24559    0.809383  0.00127727
          20     1.26865    0.435982   0.0011887
          20     1.29172    0.222059 0.000993237
          20     1.31479    0.109407  0.00052032
          20     1.33785   0.0602147 0.000474952
          20     1.36092   0.0519404 0.000388126
          20     1.38399   0.0744096 0.000542933
          20     1.40705    0.130521 0.000576209
          20     1.43012    0.228196 0.000843262
          20     1.45319    0.373401 0.000970835
          20     1.47625    0.567661  0.00084723
          20     1.49932    0.787805 0.000574733
          20     1.52238     1.00229   0.0009315
          20     1.54545     1.15898  0.00152645
          20     1.56852     1.22194  0.00164983
          20     1.59158     1.17186  0.00160763
          20     1.61465     1.02007 0.000975675
          20     1.63772    0.807573 0.000685475
          20     1.66078    0.586865  0.00085785
          20     1.68385    0.397871  0.00069517
          20     1.70692    0.274843 0.000964531
          20     1.72998    0.240752 0.000934808
          20     1.75305    0.319879  0.00110323
          20     1.77612    0.547544  0.00124894
          20     1.79918    0.947006  0.00145217
          20     1.82225     1.51588  0.00139707
          20     1.84531     2.18997  0.00122759
          20     1.86838      2.8371   0.0015476
          20     1.89145     3.29959  0.00219994
          20     1.91451     3.45229  0.00293599
          20     1.93758     3.25565  0.00243057
          20     1.96065     2.77618  0.00195843
          20     1.98371     2.15132  0.00117627
          20     2.00678     1.52713 0.000760417
          20     2.02985     1.02007  0.00136052
          20     2.05291    0.688539  0.00153203
          20     2.07598    0.551216  0.00155191
          20     2.09905    0.585756  0.00132077
          20     2.12211    0.747034 0.000925102
          20     2.14518    0.968398 0.000340296
          20     2.16824     1.17211  0.00086162
          20     2.19131     1.29705 0.000951642
          20     2.21438       1.308  0.00117177
          20     2.23744     1.17803 0.000844589
          20     2.26051    0.999082 0.000520249
          20     2.28358    0.835682 0.000606256
          20     2.30664    0.730556  0.00105886
          20     2.32971    0.731439  0.00137187
