           1    -7.55384    -7.55384           0
           1    -7.55873    -7.55873           0
           1    -7.55597    -7.55597           0
           1    -7.55389    -7.55389           0
           1    -7.55345    -7.55345           0
           1    -7.55163    -7.55163           0
           2    -7.55067    -7.55115 0.000480476
           3    -7.54601    -7.54944   0.0017334
           4    -7.55858    -7.55172  0.00259463
           5    -7.54344    -7.55007  0.00260496
           6    -7.55661    -7.55116  0.00239064
           7    -7.54349    -7.55006  0.00229836
           8    -7.54527    -7.54946  0.00207865
           9    -7.53942    -7.54835  0.00214631
          10    -7.54514    -7.54803  0.00194633
          11    -7.55108     -7.5483  0.00178224
          12    -7.55008    -7.54845  0.00163372
          13    -7.54596    -7.54826  0.00151502
          14    -7.55029     -7.5484  0.00141015
          15    -7.54384     -7.5481  0.00134757
          16    -7.54994    -7.54822  0.00126578
          17    -7.54064    -7.54777  0.00126968
          18    -7.54928    -7.54785  0.00120002
          19    -7.55275    -7.54811  0.00116396
          20    -7.54727    -7.54807  0.00110502
           1    -7.55163    -7.55163           0
           2    -7.54601    -7.54882  0.00280683
           3    -7.54344    -7.54703  0.00241809
           4    -7.54349    -7.54614  0.00192503
           5    -7.53942     -7.5448  0.00200817
           6    -7.55108    -7.54584   0.0019453
           7    -7.54596    -7.54586  0.00164416
           8    -7.54384    -7.54561  0.00144606
           9    -7.54064    -7.54506  0.00138943
          10    -7.55275    -7.54582  0.00146154
          11    -7.54572    -7.54582  0.00132205
          12    -7.54964    -7.54613  0.00124826
          13    -7.53468    -7.54525  0.00144748
          14    -7.54929    -7.54554  0.00137083
          15    -7.55061    -7.54588  0.00132013
          16    -7.54487    -7.54582  0.00123647
          17    -7.53604    -7.54524  0.00129592
          18    -7.55289    -7.54567  0.00129354
          19    -7.53102     -7.5449   0.0014461
          20    -7.55302     -7.5453  0.00143081
