           1     7.55386     7.55386           0
           1     7.52751     7.52751           0
           1     7.53964     7.53964           0
           1     7.55245     7.55245           0
           1     7.55273     7.55273           0
           1     7.56573     7.56573           0
           2      7.5711     7.56841  0.00268513
           3     7.59634     7.57772  0.00943779
           4     7.52619     7.56484   0.0145099
           5      7.6137     7.57461    0.014894
           6      7.5385     7.56859   0.0135687
           7       7.612      7.5748   0.0130369
           8     7.60153     7.57814   0.0117743
           9     7.63411     7.58436   0.0121039
          10      7.6019     7.58611   0.0109674
          11     7.56788     7.58445   0.0100579
          12      7.5712     7.58335  0.00924768
          13     7.60007     7.58464  0.00860333
          14     7.57452     7.58391  0.00799784
          15     7.60601     7.58539  0.00758987
          16     7.57571     7.58478  0.00712537
          17     7.62679     7.58725  0.00713478
          18     7.57847     7.58676  0.00674441
          19     7.55772     7.58524  0.00656014
          20     7.59005     7.58548  0.00622816
           1     7.56573     7.56573           0
           2     7.59634     7.58104    0.015307
           3      7.6137     7.59193   0.0140241
           4       7.612     7.59694   0.0111144
           5     7.63411     7.60438    0.011374
           6     7.56788     7.59829   0.0111019
           7     7.60007     7.59855  0.00938625
           8     7.60601     7.59948  0.00818202
           9     7.62679     7.60252  0.00782802
          10     7.55772     7.59804  0.00831186
          11     7.59762       7.598  0.00751845
          12     7.57512     7.59609  0.00712327
          13      7.6592     7.60095  0.00815459
          14     7.57815     7.59932   0.0077233
          15     7.57245     7.59753  0.00740975
          16     7.60264     7.59785  0.00693855
          17     7.65473     7.60119  0.00732638
          18      7.5579     7.59879  0.00731421
          19      7.6799     7.60306  0.00812968
          20     7.55668     7.60074  0.00805348
