          20    0.129266           0           0
          20    0.193899           0           0
          20    0.258532           0           0
          20    0.323165           0           0
          20    0.387798           0           0
          20    0.452431           0           0
          20    0.517064           0           0
          20    0.581697           0           0
          20     0.64633           0           0
          20    0.710963           0           0
          20    0.775596           0           0
          20     0.84023           0           0
          20    0.904863           0           0
          20    0.969496 0.000920515 0.000106682
          20     1.03413    0.154561  0.00108571
          20     1.09876     1.10788  0.00307049
          20     1.16339     2.16627  0.00463135
          20     1.22803     2.44679  0.00639185
          20     1.29266     2.26052  0.00563747
          20     1.35729     2.00875  0.00321502
          20     1.42193     1.79061  0.00415234
          20     1.48656     1.62219  0.00369029
          20     1.55119     1.50174  0.00427353
          20     1.61583     1.41843  0.00282851
          20     1.68046      1.3568  0.00256467
          20     1.74509     1.30877  0.00274706
          20     1.80973     1.28101  0.00186788
          20     1.87436     1.26601   0.0018324
          20     1.93899       1.254  0.00215529
          20     2.00362     1.24698  0.00202065
          20     2.06826     1.24529  0.00195465
          20     2.13289     1.24721  0.00135672
          20     2.19752     1.25068  0.00219247
          20     2.26216     1.24915  0.00147199
          20     2.32679      1.2471  0.00142827
          20     2.39142      1.2462  0.00150487
          20     2.45606      1.2446  0.00148245
          20     2.52069      1.2406   0.0019004
          20     2.58532     1.23723    0.001164
          20     2.64995     1.23409   0.0019996
          20     2.71459     1.23229  0.00153019
          20     2.77922     1.22686  0.00114481
          20     2.84385     1.22963  0.00143772
          20     2.90849     1.22841  0.00141424
          20     2.97312     1.22703  0.00132502
          20     3.03775     1.22782  0.00121042
          20     3.10239     1.22929  0.00120313
          20     3.16702     1.22863 0.000970494
          20     3.23165     1.22793   0.0011819
          20     3.29629     1.23065  0.00123464
          20     3.36092     1.22915  0.00149588
          20     3.42555      1.2307  0.00124191
          20     3.49018     1.23143   0.0010444
          20     3.55482     1.23245 0.000935821
          20     3.61945     1.23242 0.000953395
          20     3.68408     1.23454  0.00112338
          20     3.74872     1.23327  0.00114078
          20     3.81335     1.23494  0.00103711
          20     3.87798     1.23667  0.00105864
          20     3.94262     1.23613 0.000959649
          20     4.00725      1.2379 0.000951558
          20     4.07188     1.23885 0.000891707
          20     4.13651     1.23852 0.000783648
          20     4.20115     1.23971  0.00107011
          20     4.26578     1.24137 0.000973047
          20     4.33041     1.23965  0.00087944
          20     4.39505     1.24071 0.000857685
          20     4.45968     1.24248 0.000495828
          20     4.52431     1.24301 0.000888201
          20     4.58895     1.24375 0.000615756
          20     4.65358     1.24528  0.00107464
          20     4.71821     1.24643 0.000817522
          20     4.78285     1.24727 0.000519468
          20     4.84748     1.24764  0.00123897
          20     4.91211     1.24792  0.00056219
          20     4.97674     1.24817 0.000696015
          20     5.04138     1.25018 0.000771352
          20     5.10601      1.2502 0.000865085
          20     5.17064     1.25023 0.000569169
          20     5.23528     1.25064 0.000716874
          20     5.29991     1.25278  0.00061848
          20     5.36454     1.25198 0.000688065
          20     5.42918     1.25477 0.000654252
          20     5.49381     1.25543 0.000719634
          20     5.55844     1.25438 0.000916136
          20     5.62307     1.25455 0.000738066
          20     5.68771      1.2546 0.000830271
          20     5.75234     1.25716 0.000608231
          20     5.81697     1.25738 0.000605392
          20     5.88161      1.2588 0.000649355
          20     5.94624     1.25838 0.000743471
          20     6.01087     1.25933  0.00060669
          20     6.07551     1.25896 0.000615422
          20     6.14014     1.25878 0.000416188
          20     6.20477     1.26112 0.000711383
          20      6.2694     1.26077 0.000441717
          20     6.33404      1.2611 0.000528882
          20     6.39867     1.26369 0.000540499
          20      6.4633     1.26363 0.000715882
          20     6.52794      1.2616 0.000596283
