           1   0.0489697   0.0489697           0
           2   0.0489197   0.0489447  2.5027e-05
           3   0.0492525   0.0490473 0.000103619
           1    0.049361    0.049361           0
           1   0.0508144   0.0508144           0
           1   0.0487819   0.0487819           0
           1   0.0490127   0.0490127           0
           1   0.0489853   0.0489853           0
           2   0.0492351   0.0491102 0.000124867
           1   0.0491074   0.0491074           0
           1   0.0487647   0.0487647           0
           1   0.0488864   0.0488864           0
           2   0.0488743   0.0488804 6.01749e-06
           3   0.0491725   0.0489777 9.74455e-05
           4   0.0490823   0.0490039 7.36914e-05
           5   0.0489095    0.048985 6.01234e-05
           1   0.0488864   0.0488864           0
           1   0.0488939   0.0488939           0
           2   0.0490496   0.0489717 7.78383e-05
           1   0.0491074   0.0491074           0
           2   0.0491367   0.0491221 1.46348e-05
           3   0.0491546   0.0491329  1.3737e-05
           4   0.0491614     0.04914 1.20476e-05
           5   0.0490706   0.0491261 1.67347e-05
           6   0.0487338   0.0490608 6.67939e-05
           7   0.0488926   0.0490367 6.13506e-05
           8   0.0490743   0.0490414 5.33382e-05
           9   0.0488503   0.0490202 5.16129e-05
          10   0.0490614   0.0490243 4.63475e-05
          11   0.0488128   0.0490051 4.61238e-05
          12   0.0491607    0.049018 4.40566e-05
          13   0.0489835   0.0490154 4.06131e-05
          14   0.0490791   0.0490199  3.7875e-05
          15   0.0488812   0.0490107 3.64532e-05
          16   0.0488841   0.0490028 3.50041e-05
          17   0.0493244   0.0490217 3.79339e-05
          18   0.0489606   0.0490183 3.59252e-05
          19   0.0488758   0.0490108 3.47994e-05
          20   0.0491367   0.0490171 3.36085e-05
           1   0.0491074   0.0491074           0
           2   0.0491546    0.049131 2.35641e-05
           3   0.0490706   0.0491109 2.43064e-05
           4   0.0488926   0.0490563 5.72105e-05
           5   0.0488503   0.0490151 6.05113e-05
           6   0.0488128   0.0489814 5.98184e-05
           7   0.0489835   0.0489817 5.05567e-05
           8   0.0488812   0.0489691 4.55501e-05
           9   0.0493244   0.0490086 5.63192e-05
          10   0.0488758   0.0489953 5.20935e-05
          11   0.0490056   0.0489962 4.71297e-05
          12   0.0490866   0.0490038  4.3677e-05
          13   0.0492641   0.0490238 4.48918e-05
          14   0.0486566   0.0489976 4.91452e-05
          15   0.0490681   0.0490023  4.5993e-05
          16   0.0491404   0.0490109 4.38806e-05
          17   0.0491913   0.0490215 4.25629e-05
          18   0.0487599    0.049007 4.26803e-05
          19   0.0490807   0.0490109 4.05575e-05
          20   0.0488535    0.049003 3.92723e-05
