           1   -0.407706   -0.407706           0
           2   -0.419461   -0.413584  0.00587727
           3   -0.417898   -0.415022  0.00368548
           1    -0.41203    -0.41203           0
           1   -0.194538   -0.194538           0
           1    -0.41381    -0.41381           0
           1   -0.412688   -0.412688           0
           1   -0.414708   -0.414708           0
           2   -0.413265   -0.413987 0.000721447
           1   -0.413953   -0.413953           0
           1   -0.417591   -0.417591           0
           1   -0.416408   -0.416408           0
           2   -0.415495   -0.415951 0.000456786
           3   -0.412222   -0.414708  0.00127076
           4   -0.416897   -0.415255    0.001052
           5   -0.417445   -0.415693 0.000925044
           1   -0.416408   -0.416408           0
           1   -0.413545   -0.413545           0
           2   -0.411604   -0.412574 0.000970725
           1   -0.413953   -0.413953           0
           2   -0.413407    -0.41368 0.000272962
           3   -0.414041     -0.4138 0.000198277
           4    -0.41054   -0.412985 0.000826873
           5   -0.412442   -0.412876 0.000649636
           6   -0.416491   -0.413479 0.000802598
           7   -0.415549   -0.413775 0.000740011
           8   -0.414712   -0.413892 0.000651484
           9   -0.415613   -0.414083 0.000605542
          10   -0.415149    -0.41419 0.000552003
          11   -0.413797   -0.414154 0.000500577
          12   -0.413962   -0.414138 0.000457242
          13   -0.414341   -0.414154 0.000420892
          14   -0.417325    -0.41438 0.000450741
          15   -0.415189   -0.414434 0.000423065
          16   -0.415634   -0.414509 0.000402785
          17   -0.411175   -0.414313 0.000426167
          18   -0.415272   -0.414366 0.000405314
          19   -0.415118   -0.414406 0.000385424
          20   -0.415013   -0.414436 0.000366903
           1   -0.413953   -0.413953           0
           2   -0.414041   -0.413997  4.4003e-05
           3   -0.412442   -0.413478 0.000518817
           4   -0.415549   -0.413996 0.000634549
           5   -0.415613    -0.41432 0.000588329
           6   -0.413797   -0.414232 0.000488187
           7   -0.414341   -0.414248 0.000412885
           8   -0.415189   -0.414366 0.000376401
           9   -0.411175   -0.414011 0.000485688
          10   -0.415118   -0.414122 0.000448291
          11   -0.415057   -0.414207 0.000414308
          12   -0.415114   -0.414282  0.00038569
          13   -0.411217   -0.414046 0.000426013
          14   -0.414626   -0.414088 0.000396575
          15   -0.415786   -0.414201 0.000386166
          16   -0.411724   -0.414046 0.000393012
          17   -0.411894    -0.41392 0.000390281
          18   -0.414652    -0.41396 0.000370201
          19   -0.411029   -0.413806 0.000382658
          20   -0.412909   -0.413761 0.000365781
