           1    -5.45403    -5.45403           0
           2    -5.45841    -5.45622  0.00218772
           3    -5.48005    -5.46416  0.00804175
           4    -5.46476    -5.46431  0.00568835
           5    -5.45437    -5.46232  0.00483421
           6    -5.47034    -5.46366  0.00416694
           7    -5.46007    -5.46315  0.00355886
           8    -5.46368    -5.46321   0.0030828
           9    -5.45771     -5.4626  0.00278676
          10    -5.46948    -5.46329  0.00258558
          11    -5.47945    -5.46476  0.00276207
          12    -5.46153    -5.46449  0.00253571
          13    -5.47056    -5.46496  0.00237885
          14    -5.45934    -5.46456  0.00223859
          15    -5.47979    -5.46557  0.00231828
          16      -5.474     -5.4661  0.00223166
          17    -5.47031    -5.46635  0.00211088
          18    -5.45956    -5.46597   0.0020256
          19    -5.47085    -5.46623  0.00193318
          20    -5.47346    -5.46659  0.00186927
           1    -5.45403    -5.45403           0
           1    -5.45403    -5.45403           0
           2    -5.48005    -5.46704   0.0130068
           3    -5.45437    -5.46282  0.00861581
           4    -5.46007    -5.46213  0.00613088
           5    -5.45771    -5.46125  0.00483062
           6    -5.47945    -5.46428  0.00497654
           7    -5.47056    -5.46518  0.00430068
           8    -5.47979      -5.467  0.00414823
           9    -5.47031    -5.46737  0.00367682
          10    -5.47085    -5.46772  0.00330702
          11    -5.46024    -5.46704  0.00306762
          12    -5.46156    -5.46658   0.0028373
          13     -5.4645    -5.46642  0.00261485
          14     -5.4456    -5.46494  0.00284133
          15    -5.48005    -5.46594  0.00283059
          16    -5.46262    -5.46574  0.00265589
          17    -5.45856    -5.46531  0.00253022
          18    -5.46331     -5.4652  0.00238812
          19     -5.4758    -5.46576  0.00232679
          20    -5.45989    -5.46547  0.00222682
           1    -5.45403    -5.45403           0
           2    -5.48005    -5.46704   0.0130068
           3    -5.45437    -5.46282  0.00861581
           4    -5.46007    -5.46213  0.00613088
           5    -5.45771    -5.46125  0.00483062
           6    -5.47945    -5.46428  0.00497654
           7    -5.47056    -5.46518  0.00430068
           8    -5.47979      -5.467  0.00414823
           9    -5.47031    -5.46737  0.00367682
          10    -5.47085    -5.46772  0.00330702
          11    -5.46024    -5.46704  0.00306762
          12    -5.46156    -5.46658   0.0028373
          13     -5.4645    -5.46642  0.00261485
          14     -5.4456    -5.46494  0.00284133
          15    -5.48005    -5.46594  0.00283059
          16    -5.46262    -5.46574  0.00265589
          17    -5.45856    -5.46531  0.00253022
          18    -5.46331     -5.4652  0.00238812
          19     -5.4758    -5.46576  0.00232679
          20    -5.45989    -5.46547  0.00222682
