           1     1.45057     1.45057           0
           2     1.42492     1.43774   0.0128284
           3     1.33474     1.40341   0.0351239
           4     1.42418      1.4086   0.0253732
           5     1.43882     1.41465   0.0205622
           6     1.37707     1.40838   0.0179193
           7     1.42811      1.4112   0.0154046
           8     1.41856     1.41212   0.0133724
           9     1.42426     1.41347   0.0118703
          10     1.36591     1.40871   0.0116338
          11     1.30468     1.39926   0.0141485
          12      1.4026     1.39953   0.0129187
          13     1.35001     1.39572   0.0124792
          14     1.42436     1.39777   0.0117332
          15     1.31695     1.39238   0.0121795
          16     1.35598     1.39011   0.0116178
          17     1.37725     1.38935   0.0109392
          18     1.41392     1.39072   0.0104035
          19     1.37695     1.38999  0.00986737
          20     1.31966     1.38648  0.00999968
           1     1.45057     1.45057           0
           1     1.45057     1.45057           0
           2     1.33474     1.39266   0.0579155
           3     1.43882     1.40805   0.0368082
           4     1.42811     1.41306   0.0265064
           5     1.42426      1.4153   0.0206535
           6     1.30468     1.39686   0.0249857
           7     1.35001     1.39017   0.0221522
           8     1.31695     1.38102   0.0212556
           9     1.37725      1.3806   0.0187504
          10     1.37695     1.38024   0.0167748
          11     1.40747     1.38271   0.0153741
          12     1.41228     1.38517   0.0142492
          13      1.3932     1.38579   0.0131218
          14     1.47944     1.39248   0.0138685
          15     1.33062     1.38836   0.0135535
          16     1.39434     1.38873   0.0126836
          17     1.43142     1.39124    0.012176
          18     1.40914     1.39224   0.0115226
          19     1.32968     1.38894   0.0113858
          20     1.41649     1.39032    0.010889
           1     1.45057     1.45057           0
           2     1.33474     1.39266   0.0579155
           3     1.43882     1.40805   0.0368082
           4     1.42811     1.41306   0.0265064
           5     1.42426      1.4153   0.0206535
           6     1.30468     1.39686   0.0249857
           7     1.35001     1.39017   0.0221522
           8     1.31695     1.38102   0.0212556
           9     1.37725      1.3806   0.0187504
          10     1.37695     1.38024   0.0167748
          11     1.40747     1.38271   0.0153741
          12     1.41228     1.38517   0.0142492
          13      1.3932     1.38579   0.0131218
          14     1.47944     1.39248   0.0138685
          15     1.33062     1.38836   0.0135535
          16     1.39434     1.38873   0.0126836
          17     1.43142     1.39124    0.012176
          18     1.40914     1.39224   0.0115226
          19     1.32968     1.38894   0.0113858
          20     1.41649     1.39032    0.010889
