          20   0.0512993           0           0
          20   0.0769489           0           0
          20    0.102599           0           0
          20    0.128248           0           0
          20    0.153898           0           0
          20    0.179547           0           0
          20    0.205197           0           0
          20    0.230847           0           0
          20    0.256496           0           0
          20    0.282146           0           0
          20    0.307796           0           0
          20    0.333445           0           0
          20    0.359095           0           0
          20    0.384745           0           0
          20    0.410394           0           0
          20    0.436044           0           0
          20    0.461694           0           0
          20    0.487343           0           0
          20    0.512993           0           0
          20    0.538642           0           0
          20    0.564292           0           0
          20    0.589942           0           0
          20    0.615591           0           0
          20    0.641241           0           0
          20    0.666891           0           0
          20     0.69254           0           0
          20     0.71819           0           0
          20     0.74384           0           0
          20    0.769489           0           0
          20    0.795139           0           0
          20    0.820788           0           0
          20    0.846438           0           0
          20    0.872088           0           0
          20    0.897737 2.07868e-05 6.88831e-06
          20    0.923387  0.00158182 6.15398e-05
          20    0.949037    0.028441  0.00039782
          20    0.974686    0.197128 0.000963752
          20     1.00034    0.674767  0.00230628
          20     1.02599     1.44407  0.00289509
          20     1.05164     2.24866  0.00399962
          20     1.07728     2.83031  0.00250636
          20     1.10293     3.10157  0.00237977
          20     1.12858     3.09991  0.00249597
          20     1.15423     2.93636  0.00315721
          20     1.17988     2.68443  0.00236689
          20     1.20553     2.41588  0.00223676
          20     1.23118     2.15108  0.00260942
          20     1.25683     1.91505  0.00224585
          20     1.28248     1.71204  0.00273146
          20     1.30813     1.53555  0.00188897
          20     1.33378     1.38939  0.00145622
          20     1.35943     1.26494  0.00112992
          20     1.38508     1.16469  0.00134087
          20     1.41073     1.07928  0.00139828
          20     1.43638     1.01142  0.00152608
          20     1.46203    0.959917  0.00124928
          20     1.48768    0.915103  0.00102559
          20     1.51333    0.884362  0.00112777
          20     1.53898    0.859823  0.00132745
          20     1.56463    0.845913  0.00110402
          20     1.59028    0.840934  0.00144719
          20     1.61593    0.840157  0.00140299
          20     1.64158     0.84673  0.00152388
          20     1.66723    0.860261  0.00161138
          20     1.69288    0.881197  0.00123032
          20     1.71853    0.908221  0.00133194
          20     1.74418    0.941329  0.00126906
          20     1.76983    0.981416  0.00123055
          20     1.79547     1.02632  0.00106977
          20     1.82112     1.07473  0.00135416
          20     1.84677     1.12704  0.00126252
          20     1.87242     1.17931  0.00120827
          20     1.89807     1.23379  0.00106176
          20     1.92372     1.28562  0.00130122
          20     1.94937     1.33762  0.00120937
          20     1.97502     1.38624  0.00149094
          20     2.00067     1.43062  0.00143963
          20     2.02632     1.47202  0.00158226
          20     2.05197     1.50458  0.00128005
          20     2.07762     1.52978  0.00114571
          20     2.10327      1.5416  0.00125331
          20     2.12892     1.54444  0.00106425
          20     2.15457     1.53754    0.001117
          20     2.18022     1.52091  0.00138815
          20     2.20587     1.49525  0.00121904
          20     2.23152     1.46582  0.00137944
          20     2.25717     1.43237   0.0011518
          20     2.28282     1.39507  0.00106121
          20     2.30847     1.35947   0.0011651
          20     2.33412     1.32548  0.00123225
          20     2.35977     1.29213 0.000983907
          20     2.38542     1.26018  0.00137654
          20     2.41107     1.23299  0.00122917
          20     2.43672     1.20936  0.00109562
          20     2.46237     1.19004  0.00119586
          20     2.48802     1.17384  0.00108086
          20     2.51366     1.16226  0.00100935
          20     2.53931     1.14483 0.000856703
          20     2.56496     1.13464 0.000965254
