0.5  79.19910216  0.356690834281
0.55  59.3317890182  0.352281094445
0.6  44.4027280667  0.29201940058
0.65  32.6241922462  0.1771863868
0.7  24.599652  0.126538297981
0.75  19.0806141867  0.0922593866581
0.8  15.2465926  0.0813358635455
0.85  12.4278610353  0.0614942586466
0.9  10.2834618667  0.0370742824067
0.95  8.69060332632  0.029937741714
1  7.45027116  0.0277098795789
1.05  6.37754849524  0.0175241614803
1.1  5.61028716364  0.0120031928191
1.15  4.95601617391  0.0110247948472
1.2  4.39729463333  0.0149320559887
1.25  3.946734144  0.00872271759088
1.3  3.58396812308  0.00665301519951
1.35  3.25740186667  0.00810662298551
1.4  2.96927322857  0.00550415035394
1.45  2.73933202759  0.00416609586082
1.5  2.52850413333  0.00480679080523
1.55  2.33535218065  0.00299402455952
1.6  2.18355785  0.00351548472691
1.65  2.03398637576  0.00423311625273
1.7  1.91013447059  0.00359615801306
1.75  1.79151593143  0.00253624926018
1.8  1.68605131111  0.00263796820606
1.85  1.59331558919  0.00203450643072
1.9  1.50555237895  0.00246202752125
1.95  1.42759226667  0.00224074854295
2  1.36238266  0.00235916782893
2.05  1.2947614439  0.00130118563625
