0.5  0.32710009641  0.0030247018897
  0.55  0.400253850023  0.00212249299431
  0.6  0.421511111498  0.00177547306303
  0.65  0.426750897492  0.00165812357623
  0.7  0.432514046563  0.00156973649263
  0.75  0.439087577879  0.00148484060208
  0.8  0.440911935  0.00110866104188
  0.85  0.439986078487  0.000962067026791
  0.9  0.435900946287  0.000960620971944
  0.95  0.430806922219  0.000880664535557
  1  0.420737026418  0.000614441991096
  1.05  0.408105984982  0.000671550358287
  1.1  0.39657845593  0.000609703158707
  1.15  0.384178921092  0.000498784567357
  1.2  0.370866127777  0.000612167565259
  1.25  0.356469251033  0.000517075700983
  1.3  0.343672055378  0.000344826477409
  1.35  0.33058419933  0.000389808850263
  1.4  0.317960875145  0.00043054330545
  1.45  0.305870787456  0.000327109302654
  1.5  0.292993859634  0.000302691861708
  1.55  0.281538157165  0.000344431120301
  1.6  0.270118974238  0.000306571770492
  1.65  0.259413605659  0.000223471976766
  1.7  0.248682501876  0.00026630304447
  1.75  0.239214579487  0.000267945418527
  1.8  0.230207428094  0.000219762103863
  1.85  0.221268568965  0.000225368989823
  1.9  0.212367282389  0.000214647447502
  1.95  0.204389382384  0.000241669113744
  2  0.196714341133  0.000202901380264
  2.05  0.189530839385  0.000230555611572
