0.5  -0.97429608  0.000374380460614
0.55  -0.9551752  0.000402685505073
0.6  -0.93542852  0.000356817027725
0.65  -0.91367812  0.000256276165221
0.7  -0.89193184  0.000219628993344
0.75  -0.87036608  0.000200341495637
0.8  -0.84848896  0.000201095762994
0.85  -0.82646404  0.000177052638274
0.9  -0.80452808  0.000213209012169
0.95  -0.78289568  0.000141649442204
1  -0.76185932  0.000145464907371
1.05  -0.74069884  0.000120385586871
1.1  -0.72079628  0.000174026529249
1.15  -0.70108772  0.000183248781947
1.2  -0.68214596  0.000159369964303
1.25  -0.6637744  0.000179361347007
1.3  -0.64688788  0.000149672530836
1.35  -0.62965876  0.000139837350929
1.4  -0.6134074  0.00014298943035
1.45  -0.59777044  0.000135212738761
1.5  -0.58281364  0.000133518987094
1.55  -0.5683848  0.00013165811482
1.6  -0.55473876  0.000125354032765
1.65  -0.54130868  0.000121763814276
1.7  -0.52891716  8.25981592994e-05
1.75  -0.51645588  0.000170267415786
1.8  -0.50489488  9.30616208812e-05
1.85  -0.49321052  0.00012787018764
1.9  -0.48242272  0.000133236504298
1.95  -0.47206376  0.000130300490852
2  -0.46216624  0.000102008244367
2.05  -0.45242592  9.02944764893e-05
