 2 -0.000246 0.000269202897458
 2 -0.000246 0.000269202897458
 2 -0.000246 0.000269202897458
 2.05 8.1e-05 0.00026620200976
 2.1 -0.0004206 0.000197308545177
 2.15 2.96e-05 0.000219481826127
 2.2 -0.0003432 0.000229696251602
 2.25 0.000615 0.000267944602483
 2.3 -0.0001998 0.000310558010684
 2.35 -2.98e-05 0.000284467569329
 2.4 -0.0006452 0.000298486327995
 2.45 0.0005036 0.000248206833105
 2.5 7.88e-05 0.000204534222075
 2.55 -0.000289 0.000268394318122
 2.6 0.0003056 0.000225862152651
 2.65 0.000446 0.000239995749962
 2.7 -3.9e-05 0.000273749648402
 2.75 0.0001994 0.000226350573227
 2.8 7.36e-05 0.000242114914865
 2.85 -8.38e-05 0.000204280880163
 2.9 0.0003126 0.00032116939767
 2.95 -0.0003616 0.000273281598356
 3 -0.000273 0.000345697194088
 3.05 0.0003594 0.00025417305522
 3.1 0.0002398 0.000283898217677
 3.15 0.0003638 0.000167157763804
 3.2 -0.0001774 0.000271403651412
 3.25 -0.0004018 0.000265364424895
 3.3 -6.68e-05 0.000265975352242
 3.35 -0.0001442 0.00021459999534
 3.4 -1.3e-05 0.00028866989798
 3.45 -2.04e-05 0.000213612153212
 3.5 0.0002128 0.000221039109662
 3.55 0.000333 0.000322924371951
 2 -0.000246 0.000269202897458
 2 -0.000246 0.000269202897458
 2.05 8.1e-05 0.00026620200976
 2.1 -0.0004206 0.000197308545177
 2 -0.000246 0.000269202897458
 2.05 8.1e-05 0.00026620200976
 2 0.0010854 0.00138112218938
 2.05 0.0011554 0.000900985916649
 2 0.0010854 0.00138112218938
 2.05 0.0011554 0.000900985916649
 2 0.0010854 0.00138112218938
 2.05 0.0011554 0.000900985916649
 2 0.0010854 0.00138112218938
 2.05 0.0011554 0.000900985916649
 2 0.0010854 0.00138112218938
 2.05 0.0011554 0.000900985916649
 2 0.0010854 0.00138112218938
 2.05 0.0011554 0.000900985916649
 2 0.0010854 0.00138112218938
 2.05 0.0011554 0.000900985916649
 2 0.0010854 0.00138112218938
 2.05 0.0011554 0.000900985916649
 2 0.0010854 0.00138112218938
 2.05 0.0011554 0.000900985916649
 2 0.0010854 0.00138112218938
 2.05 0.0011554 0.000900985916649
 2 0.0010854 0.00138112218938
 2.05 0.0011554 0.000900985916649
 2 0.0010854 0.00138112218938
 2.05 0.0011554 0.000900985916649
 0.5 1.7617374 -nan
 0.55 1.5756432 -nan
 0.6 1.3057666 -nan
 0.65 1.0643252 -nan
 0.7 0.9017582 -nan
 0.75 0.689886 -nan
 0.8 0.5706482 -nan
 0.85 0.4801322 -nan
 0.9 0.4007172 -nan
 0.95 0.3320348 -nan
 1 0.2763946 -nan
 1.05 0.2447878 -nan
 1.1 0.2099838 -nan
 1.15 0.1814856 -nan
 1.2 0.1646248 -nan
 1.25 0.150597 -nan
 1.3 0.1351978 -nan
 1.35 0.1239974 -nan
 1.4 0.1158018 -nan
 1.45 0.1010432 -nan
 1.5 0.104115 -nan
 1.55 0.087956 -nan
 1.6 0.0851242 -nan
 1.65 0.0805244 -nan
 1.7 0.0717574 -nan
 1.75 0.064965 -nan
 1.8 0.063036 -nan
 1.85 0.0636284 -nan
 1.9 0.061629 -nan
 1.95 0.0541882 -nan
 2 0.0551886 -nan
