
 0.5  0.89734718  0.00599921757815
 0.55  0.7885358  0.00454686479698
 0.6  0.67081874  0.00525275782547
 0.65  0.55164242  0.00377901209434
 0.7  0.44369968  0.00427315632774
 0.75  0.35157542  0.00302178147648
 0.8  0.28923396  0.00247183809015
 0.85  0.24201532  0.00238239130339
 0.9  0.2028511  0.00138090163238
 0.95  0.16917586  0.00181489649342
 1  0.14785222  0.00113278903119
 1.05  0.12554498  0.00142423530401
 1.1  0.11082904  0.00103355376692
 1.15  0.09932256  0.000789089409079
 1.2  0.08753572  0.000827815881993
 1.25  0.07961306  0.000700530711547
 1.3  0.0728533  0.000564053320086
 1.35  0.06627766  0.000620802972464
 1.4  0.0604524  0.000741453002152
 1.45  0.05403902  0.000649325526666
 1.5  0.05165622  0.000614363958888
 1.55  0.04664832  0.000532009837954
 1.6  0.04371758  0.00059860297191
 1.65  0.04119934  0.000646272811296
 1.7  0.03768122  0.00039459056195
 1.75  0.03579026  0.000392218340494
 1.8  0.03351548  0.000437259353794
 1.85  0.03154542  0.000361382138435
 1.9  0.03093306  0.000410071900305
 1.95  0.02824552  0.000404797303944
 2  0.02645798  0.000345724389044
 2.05  0.0256455  0.000290658583049
