 1 0.307088 0.307088 0
 2 0.304832 0.30596 0.000797616449177
 3 0.302344 0.304754666667 0.00111861713571
 4 0.296436 0.302675 0.00198686153267
 5 0.309648 0.3040696 0.00202049581242
 6 0.300696 0.303507333333 0.00176024301773
 7 0.303908 0.303564571429 0.00150971005268
 8 0.310204 0.3043945 0.0015322254954
 9 0.3034 0.304284 0.00136595688886
 10 0.299104 0.303766 0.00132394129779
 11 0.304356 0.303819636364 0.00120466898353
 12 0.298652 0.303389 0.00117873992278
 13 0.311296 0.303997230769 0.0012350621581
 14 0.304236 0.304014285714 0.00114696118215
 15 0.305084 0.3040856 0.00107271185652
 16 0.3046 0.30411775 0.00100614903026
 17 0.298456 0.303784705882 0.00100056693882
 18 0.30794 0.304015555556 0.000971245548228
 19 0.299032 0.303753263158 0.000954887821991
 20 0.29632 0.3033816 0.000976798869778
 1 0.307088 0.307088 0
 2 0.304832 0.30596 0.000797616449177
 3 0.302344 0.304754666667 0.00111861713571
 4 0.296436 0.302675 0.00198686153267
 5 0.309648 0.3040696 0.00202049581242
 6 0.300696 0.303507333333 0.00176024301773
 7 0.303908 0.303564571429 0.00150971005268
 8 0.310204 0.3043945 0.0015322254954
 9 0.3034 0.304284 0.00136595688886
 10 0.299104 0.303766 0.00132394129779
 11 0.304356 0.303819636364 0.00120466898353
 12 0.298652 0.303389 0.00117873992278
 13 0.311296 0.303997230769 0.0012350621581
 14 0.304236 0.304014285714 0.00114696118215
 15 0.305084 0.3040856 0.00107271185652
 16 0.3046 0.30411775 0.00100614903026
 17 0.298456 0.303784705882 0.00100056693882
 18 0.30794 0.304015555556 0.000971245548228
 19 0.299032 0.303753263158 0.000954887821991
 20 0.29632 0.3033816 0.000976798869778
 1 0.307088 0.307088 0
 2 0.304832 0.30596 0.000797616449177
 3 0.302344 0.304754666667 0.00111861713571
 4 0.296436 0.302675 0.00198686153267
 5 0.309648 0.3040696 0.00202049581242
 6 0.300696 0.303507333333 0.00176024301773
 7 0.303908 0.303564571429 0.00150971005268
 8 0.310204 0.3043945 0.0015322254954
 9 0.3034 0.304284 0.00136595688886
 10 0.299104 0.303766 0.00132394129779
 11 0.304356 0.303819636364 0.00120466898353
 12 0.298652 0.303389 0.00117873992278
 13 0.311296 0.303997230769 0.0012350621581
 14 0.304236 0.304014285714 0.00114696118215
 15 0.305084 0.3040856 0.00107271185652
 16 0.3046 0.30411775 0.00100614903026
 17 0.298456 0.303784705882 0.00100056693882
 18 0.30794 0.304015555556 0.000971245548228
 19 0.299032 0.303753263158 0.000954887821991
 20 0.29632 0.3033816 0.000976798869778
 1 0.299564 0.299564 0
 2 0.30604 0.302802 0.00228961175748
 3 0.306876 0.30416 0.00188662756143
 4 0.2985 0.302745 0.00187184688209
 5 0.307432 0.3036824 0.00171622081563
 6 0.303352 0.303627333333 0.00143106717496
 7 0.310016 0.30454 0.00148949146232
 8 0.311004 0.305348 0.00150660545598
 9 0.294908 0.304188 0.0017290339842
 10 0.30384 0.3041532 0.00155648075349
 11 0.301968 0.303954545455 0.00142760341487
 12 0.3015 0.30375 0.00132320885225
 13 0.30352 0.303732307692 0.00122154182999
 14 0.302028 0.303610571429 0.00114033869706
 15 0.303684 0.303615466667 0.00106432662433
 16 0.310444 0.30404225 0.00107998946573
 17 0.307312 0.304234588235 0.00103344578007
 18 0.306104 0.304338444444 0.000981236767535
 19 0.303528 0.304295789474 0.000930519384288
 20 0.298472 0.3040046 0.00092843745185
 1 0.306012 0.306012 0
 2 0.304884 0.305448 0.000398808224588
 3 0.3009 0.303932 0.001266040547
 4 0.304004 0.30395 0.000949658359621
 5 0.302264 0.3036128 0.000817403029109
 6 0.301464 0.303254666667 0.000755562287552
 7 0.30852 0.304006857143 0.00095098959046
 8 0.297924 0.3032465 0.00109466523136
 9 0.302716 0.303187555556 0.000974621460055
 10 0.300084 0.3028772 0.000925255086989
 11 0.299688 0.302587272727 0.000885400680561
 12 0.30528 0.302811666667 0.000839570850472
 13 0.302524 0.302789538462 0.000775280034272
 14 0.30092 0.302656 0.000731313160539
 15 0.295728 0.302194133333 0.000815466829447
 16 0.305092 0.30237525 0.000784355485316
 17 0.307484 0.302675764706 0.000793700838457
 18 0.30006 0.302530444444 0.000762793834186
 19 0.309324 0.302888 0.000802082055197
 20 0.302212 0.3028542 0.000762689791463
 1 0.300908 0.300908 0
 2 0.300604 0.300756 0.000107480230752
 3 0.295704 0.299072 0.00137684599316
 4 0.304508 0.300431 0.00156572499182
 5 0.299172 0.3001792 0.00127266619033
 6 0.302756 0.300608666667 0.00113069827655
 7 0.304908 0.301222857143 0.00112366825354
 8 0.30058 0.3011425 0.000986078834955
 9 0.305832 0.301663555556 0.00100479353706
 10 0.296784 0.3011756 0.00101591077561
 11 0.300404 0.301105454545 0.0009259737458
 12 0.301088 0.301104 0.000848810409402
 13 0.303872 0.301316923077 0.000809782807182
 14 0.30894 0.301861428571 0.000916910126869
 15 0.302776 0.3019224 0.000857807586816
 16 0.305036 0.302117 0.000825972949012
 17 0.306188 0.302356470588 0.000811358321628
 18 0.299012 0.302170666667 0.00078727032708
 19 0.300492 0.302082315789 0.000750776237464
 20 0.302492 0.3021028 0.000713516816901
 1 0.299764 0.299764 0
 2 0.304476 0.30212 0.00166594357647
 3 0.295868 0.300036 0.00203196150445
 4 0.30266 0.300692 0.00162641938011
 5 0.300804 0.3007144 0.0013012897479
 6 0.296512 0.300014 0.00125886500909
 7 0.299712 0.299970857143 0.00107976617704
 8 0.304992 0.3005985 0.00111235424607
 9 0.298468 0.300361777778 0.00101363506446
 10 0.307048 0.3010304 0.00111112083231
 11 0.301004 0.301028 0.00101011243953
 12 0.31046 0.301814 0.00119317694506
 13 0.313892 0.302743076923 0.00141769324455
 14 0.30122 0.302634285714 0.00132059706437
 15 0.302324 0.3026136 0.00123271925902
 16 0.306356 0.3028475 0.00117765571555
 17 0.303452 0.302883058824 0.00110891856191
 18 0.30598 0.303055111111 0.00106057522503
 19 0.301152 0.302954947368 0.00100947427
 20 0.308744 0.3032444 0.00099963781041
 1 0.31044 0.31044 0
 2 0.308368 0.309404 0.000732562625302
 3 0.306276 0.308361333333 0.000981467985931
 4 0.298224 0.305827 0.00231494681364
 5 0.301592 0.30498 0.00200091818923
 6 0.30248 0.304563333333 0.00171026454527
 7 0.298172 0.303650285714 0.00169220134029
 8 0.304984 0.303817 0.00148886580154
 9 0.30282 0.303706222222 0.00132755103389
 10 0.310196 0.3043552 0.00134409532995
 11 0.3037 0.304295636364 0.00122322391585
 12 0.297164 0.303701333333 0.00125739857849
 13 0.304472 0.303760615385 0.00116207224382
 14 0.300444 0.303523714286 0.00110295021549
 15 0.315184 0.304301066667 0.00127424391688
 16 0.305764 0.3043925 0.00119787957841
 17 0.304132 0.304377176471 0.00112751408046
 18 0.29726 0.303981777778 0.00113208306733
 19 0.303784 0.303971368421 0.00107254760327
 20 0.308284 0.304187 0.00104037039077
 1 0.302476 0.302476 0
 2 0.302568 0.302522 3.25269120429e-05
 3 0.30106 0.302034666667 0.000398496433373
 4 0.295028 0.300283 0.0015461490064
 5 0.30336 0.3008984 0.00135386219683
 6 0.294864 0.299892666667 0.00145457665981
 7 0.29878 0.299733714286 0.00125543490658
 8 0.3039 0.3002545 0.00120167798047
 9 0.302756 0.300532444444 0.00109983243517
 10 0.303584 0.3008376 0.0010313143769
 11 0.307356 0.301430181818 0.00109464431612
 12 0.30458 0.301692666667 0.00103441597407
 13 0.30566 0.301997846154 0.000998849479254
 14 0.301476 0.301960571429 0.000928198330069
 15 0.299068 0.301767733333 0.000886123620505
 16 0.309512 0.30225175 0.000953813691763
 17 0.301172 0.302188235294 0.000899819249553
 18 0.303552 0.302264 0.000853013018587
 19 0.302252 0.302263368421 0.000808117830369
 20 0.302952 0.3022978 0.00076844510409
 1 0.305696 0.305696 0
 2 0.31154 0.308618 0.00206616601463
 3 0.294768 0.304001333333 0.00401328121044
 4 0.298976 0.302745 0.00320056944152
 5 0.301872 0.3025704 0.00256521359111
 6 0.299812 0.302110666667 0.00217848482853
 7 0.308248 0.302987428571 0.00203607536504
 8 0.302448 0.30292 0.00178268210851
 9 0.307544 0.303433777778 0.00165698975743
 10 0.299936 0.303084 0.00152776249463
 11 0.307764 0.303509454545 0.0014469034954
 12 0.307328 0.303827666667 0.0013608700206
 13 0.308008 0.304149230769 0.00129362163127
 14 0.309196 0.304509714286 0.00125043833714
 15 0.30694 0.304671733333 0.00117752538814
 16 0.298224 0.30426875 0.00117085754998
 17 0.299508 0.303988705882 0.00113497986435
 18 0.3071 0.304161555556 0.00108500751042
 19 0.305096 0.304210736842 0.00102901589445
 20 0.304424 0.3042214 0.000977620346555
 1 0.299036 0.299036 0
 2 0.299952 0.299494 0.000323854905764
 3 0.305164 0.301384 0.00155820865811
 4 0.305144 0.302324 0.00142423944616
 5 0.300344 0.301928 0.00119317472316
 6 0.308964 0.303100666667 0.00146103142157
 7 0.298164 0.302395428571 0.00141230173768
 8 0.310856 0.303453 0.00158296016217
 9 0.304704 0.303592 0.00141316532894
 10 0.30426 0.3036588 0.00127342662765
 11 0.305368 0.303814181818 0.00116710181288
 12 0.3067 0.304054666667 0.00109433920532
 13 0.302612 0.303943692308 0.00101577050584
 14 0.301452 0.303765714286 0.000958680872125
 15 0.30574 0.303897333333 0.00090375876165
 16 0.302976 0.30383975 0.00084910632938
 17 0.2955 0.303349176471 0.000930140162208
 18 0.301888 0.303268 0.000882000867837
 19 0.304 0.303306526316 0.000836420772347
 20 0.311624 0.3037224 0.000892015757708
 1 0.305828 0.305828 0
 2 0.300944 0.303386 0.00172675475966
 3 0.30066 0.302477333333 0.001369540826
 4 0.304868 0.303075 0.00115019683098
 5 0.300416 0.3025432 0.00103582756866
 6 0.301872 0.302431333333 0.000869209304378
 7 0.316524 0.304444571429 0.00200728394885
 8 0.30158 0.3040865 0.00178802571815
 9 0.306236 0.304325333333 0.0016052278789
 10 0.300776 0.3039704 0.0014834260022
 11 0.30278 0.303862181818 0.00135251067314
 12 0.297588 0.303339333333 0.00133704797831
 13 0.298304 0.302952 0.00128908168773
 14 0.302768 0.302938857143 0.00119707142157
 15 0.315832 0.3037984 0.00139206481586
 16 0.299208 0.3035115 0.0013342978432
 17 0.303004 0.303481647059 0.00125614364809
 18 0.302504 0.303427333333 0.00118753153045
 19 0.302924 0.303400842105 0.0011253253128
 20 0.308368 0.3036492 0.00109612262453
 1 0.29698 0.29698 0
 2 0.301072 0.299026 0.00144674047431
 3 0.315124 0.304392 0.00448622543645
 4 0.302432 0.303902 0.00339132319309
 5 0.301976 0.3035168 0.00273484733614
 6 0.301108 0.303115333333 0.00230831837139
 7 0.309816 0.304072571429 0.0021679709959
 8 0.308624 0.3046415 0.00197021127516
 9 0.303504 0.304515111111 0.0017553481484
 10 0.29778 0.3038416 0.00170413193855
 11 0.308092 0.304228 0.00159241516245
 12 0.305784 0.304357666667 0.0014649836145
 13 0.304316 0.304354461538 0.00135229607335
 14 0.30204 0.304189142857 0.00126576829479
 15 0.297708 0.303757066667 0.0012529610492
 16 0.3061 0.3039035 0.00118317686099
 17 0.301404 0.303756470588 0.00112267647981
 18 0.310756 0.304145333333 0.00112563818936
 19 0.304168 0.304146526316 0.0010663947063
 20 0.30668 0.3042732 0.00102057082459
 1 0.303604 0.303604 0
 2 0.305352 0.304478 0.00061801132675
 3 0.305232 0.304729333333 0.000460285257764
 4 0.299316 0.303376 0.00122180440333
 5 0.29964 0.3026288 0.00118407859199
 6 0.303332 0.302746 0.000992515435091
 7 0.296832 0.301901142857 0.00115566076918
 8 0.30968 0.3028735 0.0013600828904
 9 0.297944 0.302325777778 0.00131463182451
 10 0.304892 0.3025824 0.00120795591972
 11 0.3039 0.302702181818 0.00110406460029
 12 0.306628 0.303029333333 0.00105942105084
 13 0.307704 0.303388923077 0.00103715944841
 14 0.303136 0.303370857143 0.000963233960055
 15 0.296732 0.302928266667 0.00099552059621
 16 0.311476 0.3034625 0.00106706014796
 17 0.31024 0.303861176471 0.001076194951
 18 0.29748 0.303506666667 0.00107320873443
 19 0.308076 0.303747157895 0.00104332154769
 20 0.302656 0.3036926 0.000992580929697
 1 0.301332 0.301332 0
 2 0.296988 0.29916 0.00153583592874
 3 0.302556 0.300292 0.00137936023818
 4 0.299544 0.300105 0.00104711926255
 5 0.311648 0.3024136 0.00222832689882
 6 0.304884 0.302825333333 0.00189459574502
 7 0.298728 0.30224 0.00171197215312
 8 0.296344 0.301503 0.00164900087174
 9 0.299332 0.301261777778 0.00148331708504
 10 0.306024 0.301738 0.00140935971278
 11 0.294728 0.301100727273 0.00141801367937
 12 0.301368 0.301123 0.00130002077975
 13 0.30162 0.301161230769 0.00120058119138
 14 0.300224 0.301094285714 0.00111669027839
 15 0.307756 0.3015384 0.00112710311389
 16 0.306372 0.3018405 0.00109639818696
 17 0.297532 0.301587058824 0.00106079228884
 18 0.307516 0.301916444444 0.00105175549376
 19 0.304072 0.302029894737 0.00100250007121
 20 0.304696 0.3021632 0.000961197195169
 1 0.301772 0.301772 0
 2 0.298688 0.30023 0.00109035865659
 3 0.306588 0.302349333333 0.00187690556995
 4 0.302344 0.302348 0.00140767965106
 5 0.300812 0.3020408 0.00115917951673
 6 0.304768 0.302495333333 0.00105132780242
 7 0.30104 0.302287428571 0.000921465887557
 8 0.287728 0.3004675 0.00188367041139
 9 0.301248 0.300554222222 0.00167636881073
 10 0.305828 0.3010816 0.00158952402436
 11 0.307364 0.301652727273 0.00154422186717
 12 0.3025 0.301723333333 0.00141714994371
 13 0.30234 0.301770769231 0.00130893207364
 14 0.306596 0.302115428571 0.00125999681614
 15 0.30622 0.302389066667 0.00120534433427
 16 0.297252 0.302068 0.00117199162753
 17 0.30524 0.302254588235 0.00111780526143
 18 0.309424 0.302652888889 0.00112443001991
 19 0.309232 0.302999157895 0.00111729497555
 20 0.306216 0.30316 0.00107294491937
 1 0.29626 0.29626 0
 2 0.301844 0.299052 0.00197424213308
 3 0.30366 0.300588 0.00181800574501
 4 0.306596 0.30209 0.00188444872575
 5 0.304312 0.3025344 0.00155907894861
 6 0.304712 0.302897333333 0.00134081025807
 7 0.30434 0.303103428571 0.00116499765888
 8 0.30448 0.3032755 0.00103200228621
 9 0.300372 0.302952888889 0.000966446008591
 10 0.300168 0.3026744 0.000909040672358
 11 0.297156 0.302172727273 0.00095484758068
 12 0.30472 0.302385 0.000898562447591
 13 0.302524 0.302395692308 0.000829505872624
 14 0.306224 0.302669142857 0.000814080819191
 15 0.30264 0.3026672 0.000759811082951
 16 0.300696 0.302544 0.000722241995455
 17 0.3135 0.303188470588 0.000923569298942
 18 0.303296 0.303194444444 0.00087227921336
 19 0.309184 0.303509684211 0.000881494641852
 20 0.29632 0.3031502 0.000907766246343
 1 0.301452 0.301452 0
 2 0.30208 0.301766 0.000222031529281
 3 0.298176 0.300569333333 0.000988222796892
 4 0.311004 0.303178 0.00237764274019
 5 0.298344 0.3022112 0.00208944973426
 6 0.309676 0.303455333333 0.00207886879852
 7 0.296556 0.302469714286 0.00200194662118
 8 0.303872 0.302645 0.00175936035962
 9 0.301152 0.302479111111 0.0015716771921
 10 0.304924 0.3027236 0.00143339958979
 11 0.306736 0.303088363636 0.00134870373808
 12 0.30278 0.303062666667 0.00123655653897
 13 0.29694 0.302591692308 0.00122785666619
 14 0.297948 0.30226 0.00118410693119
 15 0.305108 0.302449866667 0.00112028522506
 16 0.3029 0.302478 0.00105062059041
 17 0.300356 0.302353176471 0.000996206883072
 18 0.2931 0.301839111111 0.00106527147438
 19 0.307832 0.302154526316 0.00105486702466
 20 0.296396 0.3018666 0.00104067686724
 1 0.30418 0.30418 0
 2 0.30166 0.30292 0.0008909545443
 3 0.302012 0.302617333333 0.000643328382258
 4 0.306828 0.30367 0.00103144704178
 5 0.298608 0.3026576 0.00122509106927
 6 0.303276 0.302760666667 0.00102523554656
 7 0.300308 0.302410285714 0.000936734355966
 8 0.306016 0.302861 0.000921718164625
 9 0.299784 0.302519111111 0.00088043239159
 10 0.30122 0.3023892 0.000801916314836
 11 0.298484 0.302034181818 0.000803767716725
 12 0.301684 0.302005 0.000737316625038
 13 0.305932 0.302307076923 0.000739896957976
 14 0.30764 0.302688 0.000778955553998
 15 0.305384 0.302867733333 0.000747473132727
 16 0.300508 0.30272025 0.000715157978068
 17 0.296944 0.302380470588 0.00074947236858
 18 0.301876 0.302352444444 0.000708358832754
 19 0.299492 0.302201894737 0.000686888903003
 20 0.301532 0.3021684 0.000653360598752
 1 0.306636 0.306636 0
 2 0.300964 0.3038 0.00200535483145
 3 0.309012 0.305537333333 0.00194923787576
 4 0.304928 0.305385 0.00146786877819
 5 0.304196 0.3051472 0.0011934018066
 6 0.301992 0.304621333333 0.00110430054953
 7 0.307708 0.305062285714 0.0010308279556
 8 0.309212 0.305581 0.00102420182337
 9 0.303424 0.305341333333 0.000938023980318
 10 0.29588 0.3043952 0.00123221813653
 11 0.30792 0.304715636364 0.00116111550292
 12 0.296196 0.304005666667 0.00126289574289
 13 0.299044 0.303624 0.00122206258858
 14 0.300504 0.303401142857 0.00115491393291
 15 0.302928 0.3033696 0.00107835033186
 16 0.301696 0.303265 0.00101601387171
 17 0.30628 0.303442352941 0.000971604206021
 18 0.30824 0.303708888889 0.000953484399095
 19 0.306524 0.303857052632 0.000914740298807
 20 0.295424 0.3034354 0.000961284610302
 1 0.30502 0.30502 0
 2 0.302304 0.303662 0.000960251008854
 3 0.308676 0.305333333333 0.00150733239963
 4 0.294716 0.302679 0.00256166796248
 5 0.312068 0.3045568 0.00264965613467
 6 0.302652 0.304239333333 0.00222698409248
 7 0.3076 0.304719428571 0.00195991010682
 8 0.299292 0.304041 0.00182857523088
 9 0.306404 0.304303555556 0.00164414164713
 10 0.305728 0.304446 0.00148588519072
 11 0.299176 0.303966909091 0.00142595066421
 12 0.30374 0.303948 0.00130724680999
 13 0.304028 0.303954153846 0.00120670384755
 14 0.303376 0.303912857143 0.00112121713592
 15 0.299904 0.3036456 0.00107785095156
 16 0.310292 0.304061 0.00108759036981
 17 0.307548 0.304266117647 0.00104277750576
 18 0.306868 0.304410666667 0.000994813612421
 19 0.302688 0.30432 0.000946577634871
 20 0.306492 0.3044286 0.000905457112183
 1 0.302868 0.302868 0
 2 0.300724 0.301796 0.000758018469437
 3 0.30338 0.302324 0.000664251625681
 4 0.304196 0.302792 0.000642230488225
 5 0.308812 0.303996 0.00119317525955
 6 0.30164 0.303603333333 0.00105695176666
 7 0.299732 0.303050285714 0.00104063837774
 8 0.298236 0.3024485 0.00107051142859
 9 0.297688 0.301919555556 0.00107432426205
 10 0.29366 0.3010936 0.00124453290193
 11 0.310528 0.301951272727 0.0013959874321
 12 0.29948 0.301745333333 0.00129475637634
 13 0.300048 0.301614769231 0.00120172478686
 14 0.300752 0.301553142857 0.0011174663345
 15 0.306728 0.301898133333 0.00109492799912
 16 0.310788 0.30245375 0.00115892514689
 17 0.296424 0.302099058824 0.00114374287668
 18 0.305472 0.302286444444 0.00109544426475
 19 0.306012 0.302482526316 0.00105519247268
 20 0.306296 0.3026732 0.00101951471201
 1 0.299424 0.299424 0
 2 0.299612 0.299518 6.64680374358e-05
 3 0.3021 0.300378666667 0.000704127092909
 4 0.302796 0.300983 0.000743504371205
 5 0.301796 0.3011456 0.000612325246908
 6 0.298088 0.300636 0.000690497405258
 7 0.306132 0.301421142857 0.000937377919749
 8 0.310912 0.3026075 0.00137994573036
 9 0.30478 0.302848888889 0.00124755243285
 10 0.307452 0.3033092 0.00120472868979
 11 0.308612 0.303791272727 0.00118774901411
 12 0.303464 0.303764 0.00108908299857
 13 0.303228 0.303722769231 0.00100608754283
 14 0.301168 0.303540285714 0.000950629476891
 15 0.302812 0.303491733333 0.000888493193705
 16 0.306052 0.30365175 0.000847249260013
 17 0.304876 0.303723764706 0.000800465779325
 18 0.30174 0.303613555556 0.000763544634438
 19 0.305896 0.303733684211 0.000732747075941
 20 0.310048 0.3040494 0.000761092229628
 1 0.303996 0.303996 0
 2 0.294004 0.299 0.00353270547881
 3 0.304896 0.300965333333 0.002849858528
 4 0.293576 0.299118 0.00266981890772
 5 0.29432 0.2981584 0.0023018563917
 6 0.304596 0.299231333333 0.00215380251167
 7 0.293604 0.298427428571 0.00199049880793
 8 0.30332 0.299039 0.00183323181158
 9 0.302076 0.299376444444 0.00166030578108
 10 0.303744 0.2998132 0.00155065736254
 11 0.310388 0.300774545455 0.00168148445025
 12 0.30274 0.300938333333 0.00154931723015
 13 0.302924 0.301091076923 0.00143764858336
 14 0.299288 0.300962285714 0.00134071584378
 15 0.303936 0.301160533333 0.00126590707704
 16 0.306196 0.30147525 0.0012252843149
 17 0.307824 0.301848705882 0.00120878272656
 18 0.298388 0.301656444444 0.00115681704173
 19 0.29434 0.301271368421 0.00115825124705
 20 0.303808 0.3013982 0.00110726110651
 1 0.295684 0.295684 0
 2 0.31628 0.305982 0.00728178563266
 3 0.305024 0.305662666667 0.00486152068878
 4 0.30714 0.306032 0.00366014289339
 5 0.303732 0.305572 0.00295687900327
 6 0.304576 0.305406 0.00246872108141
 7 0.308776 0.305887428571 0.00216247921644
 8 0.305152 0.3057955 0.00189412228189
 9 0.305256 0.305735555556 0.00168461253274
 10 0.306912 0.3058532 0.00152025356306
 11 0.298088 0.305147272727 0.00153723416484
 12 0.306448 0.305255666667 0.00141294770355
 13 0.30756 0.305432923077 0.00131533096814
 14 0.2959 0.304752 0.00138647178118
 15 0.30546 0.3047992 0.00129484350045
 16 0.302688 0.30466725 0.0012206203965
 17 0.3022 0.304522117647 0.00115741519044
 18 0.303104 0.304443333333 0.00109579245805
 19 0.302844 0.304359157895 0.00104134720239
 20 0.304596 0.304371 0.000989347173644
 1 0.303788 0.303788 0
 2 0.305596 0.304692 0.000639224530196
 3 0.30748 0.305621333333 0.000870274201151
 4 0.308048 0.306228 0.000837889014134
 5 0.308184 0.3066192 0.000756139584998
 6 0.306728 0.306637333333 0.000630333715264
 7 0.297928 0.305393142857 0.00127231076021
 8 0.300176 0.304741 0.00126945002856
 9 0.304596 0.304724888889 0.00112850225711
 10 0.296604 0.3039128 0.00127478962029
 11 0.302872 0.303818181818 0.00116240575424
 12 0.301516 0.303626333333 0.00108125446263
 13 0.300964 0.303421538462 0.00101729075522
 14 0.30674 0.303658571429 0.000971849707633
 15 0.307624 0.303922933333 0.000942329781701
 16 0.30984 0.30429275 0.000953243162757
 17 0.3038 0.304263764706 0.000897610605726
 18 0.299112 0.303977555556 0.000892207147452
 19 0.306684 0.30412 0.000856544316544
 20 0.311964 0.3045122 0.000899035771258
 1 0.305624 0.305624 0
 2 0.306272 0.305948 0.000229102597124
 3 0.306916 0.306270666667 0.000304527806932
 4 0.29826 0.304268 0.00174933415905
 5 0.302464 0.3039072 0.00143619292297
 6 0.30178 0.303552666667 0.00123981483086
 7 0.30098 0.303185142857 0.00111584293073
 8 0.314436 0.3045915 0.00163825950898
 9 0.300468 0.304133333333 0.00151894713373
 10 0.310504 0.3047704 0.00149469089246
 11 0.308428 0.305102909091 0.00139530481551
 12 0.306636 0.305230666667 0.00128486500228
 13 0.304932 0.305207692308 0.00118623461455
 14 0.303696 0.305099714286 0.0011064070524
 15 0.312292 0.3055792 0.00113178549675
 16 0.302812 0.30540625 0.00107418201255
 17 0.3027 0.305247058824 0.0010227226857
 18 0.307792 0.305388444444 0.000975628693228
 19 0.306868 0.305466315789 0.000927382319785
 20 0.294816 0.3049338 0.0010225354165
 1 0.302776 0.302776 0
 2 0.303712 0.303244 0.0003309259736
 3 0.305696 0.304061333333 0.000702871148828
 4 0.303996 0.304045 0.00052734310463
 5 0.309828 0.3052016 0.00111720943784
 6 0.304664 0.305112 0.000934593910625
 7 0.302632 0.304757714286 0.000865631059516
 8 0.300616 0.30424 0.00089901084532
 9 0.30072 0.303848888889 0.000880093996728
 10 0.30938 0.304402 0.000950124581307
 11 0.305808 0.304529818182 0.000872304801327
 12 0.311516 0.305112 0.000974716141015
 13 0.295744 0.304391384615 0.00113528403525
 14 0.306724 0.304558 0.00106634854737
 15 0.300712 0.3043016 0.00102562078675
 16 0.307436 0.3044975 0.000980049990753
 17 0.296116 0.304004470588 0.00103903851655
 18 0.308048 0.304229111111 0.00100530458774
 19 0.309516 0.304507368421 0.00099015453678
 20 0.301964 0.3043802 0.000948777970866
 1 0.303672 0.303672 0
 2 0.302 0.302836 0.000591141269074
 3 0.306256 0.303976 0.00101079682539
 4 0.299956 0.302971 0.00115422300705
 5 0.30934 0.3042448 0.00146651997327
 6 0.309052 0.305046 0.00142424116248
 7 0.30604 0.305188 0.00122783659087
 8 0.30082 0.304642 0.00118957744599
 9 0.309692 0.305203111111 0.00118235450852
 10 0.310824 0.3057652 0.00119025161037
 11 0.310308 0.306178181818 0.00115146628633
 12 0.301168 0.305760666667 0.00112866970204
 13 0.308348 0.305959692308 0.00105925135662
 14 0.305412 0.305920571429 0.000984312697713
 15 0.311616 0.306300266667 0.000989217852499
 16 0.302748 0.30607825 0.000951980105408
 17 0.306136 0.306081647059 0.000895987336713
 18 0.295144 0.305474 0.0010318884163
 19 0.305488 0.305474736842 0.000977578762736
 20 0.293748 0.3048884 0.0010904516092
 1 0.31396 0.31396 0
 2 0.304876 0.309418 0.00321167900015
 3 0.302192 0.307009333333 0.00290726252812
 4 0.294772 0.30395 0.00343132467132
 5 0.30188 0.303536 0.00276992233826
 6 0.301696 0.303229333333 0.00232518265312
 7 0.304212 0.303369714286 0.00199724689811
 8 0.304504 0.3035115 0.001752616535
 9 0.30558 0.303741333333 0.00157287903046
 10 0.299328 0.3033 0.00147620995797
 11 0.30308 0.30328 0.00134214452794
 12 0.305208 0.303440666667 0.00123987847373
 13 0.310384 0.303974769231 0.00125427653847
 14 0.30046 0.303723714286 0.00118954551186
 15 0.308912 0.3040696 0.00115943930051
 16 0.304964 0.3041255 0.00108832106218
 17 0.310732 0.304514117647 0.00109148288034
 18 0.308668 0.304744888889 0.00105495878127
 19 0.306164 0.304819578947 0.00100207513863
 20 0.302864 0.3047218 0.000956729950404
 1 0.30862 0.30862 0
 2 0.304232 0.306426 0.00155139227793
 3 0.306296 0.306382666667 0.00103486653282
 4 0.309004 0.307038 0.000961511830402
 5 0.305364 0.3067032 0.000825442930799
 6 0.304912 0.306404666667 0.000739886728069
 7 0.298676 0.305300571429 0.00120294425978
 8 0.30516 0.305283 0.00105270455257
 9 0.296616 0.30432 0.00130381457441
 10 0.299684 0.3038564 0.00125314713581
 11 0.292164 0.302793454545 0.00152478587774
 12 0.309208 0.303328 0.00148847222196
 13 0.300428 0.303104923077 0.00139059012828
 14 0.302704 0.303076285714 0.0012915571026
 15 0.307632 0.30338 0.00124064923506
 16 0.308116 0.303676 0.00119789888972
 17 0.295232 0.303179294118 0.00122609623223
 18 0.298476 0.302918 0.00118549514581
 19 0.302016 0.302870526316 0.00112405081501
 20 0.302544 0.3028542 0.00106796683375
 1 0.302792 0.302792 0
 2 0.296384 0.299588 0.00226557012692
 3 0.304708 0.301294666667 0.00205500739838
 4 0.299112 0.300749 0.00161207405227
 5 0.3004 0.3006792 0.0012911694668
 6 0.305552 0.301491333333 0.00130665796482
 7 0.304508 0.301922285714 0.00118893726709
 8 0.300984 0.301805 0.00104608908559
 9 0.302192 0.301848 0.000930740313331
 10 0.305096 0.3021728 0.000892541503797
 11 0.300816 0.302049454545 0.000819879978753
 12 0.299944 0.301874 0.00077010150846
 13 0.306312 0.302215384615 0.000782882290594
 14 0.300876 0.302119714286 0.000732784397867
 15 0.300836 0.302034133333 0.000688911423858
 16 0.306484 0.30231225 0.000699744638129
 17 0.310144 0.302772941176 0.00079591688317
 18 0.299988 0.302618222222 0.00076658976891
 19 0.299552 0.302456842105 0.000743035420289
 20 0.29552 0.30211 0.000782659696163
 1 0.299724 0.299724 0
 2 0.299808 0.299766 2.96984848235e-05
 3 0.297264 0.298932 0.000681245917423
 4 0.303836 0.300158 0.00117828731641
 5 0.30414 0.3009544 0.00118150472195
 6 0.307656 0.302071333333 0.00141740213589
 7 0.298148 0.301510857143 0.00132108989372
 8 0.303928 0.301813 0.00119000330882
 9 0.304332 0.302092888889 0.00109019889956
 10 0.31028 0.3029116 0.00125138776724
 11 0.305732 0.303168 0.00116359602203
 12 0.309408 0.303688 0.0011771004866
 13 0.30798 0.304018153846 0.00113190859316
 14 0.303424 0.303975714286 0.00105185328878
 15 0.300608 0.3037512 0.00100540513979
 16 0.301344 0.30360075 0.000953757648643
 17 0.305144 0.303691529412 0.000901964139405
 18 0.297412 0.303342666667 0.00091684283829
 19 0.303732 0.303363157895 0.000868816909022
 20 0.3011 0.30325 0.000832712507412
 1 0.302872 0.302872 0
 2 0.30398 0.303426 0.000391737156771
 3 0.302704 0.303185333333 0.000326828984616
 4 0.29726 0.301704 0.00130608039569
 5 0.303072 0.3019776 0.00107313885775
 6 0.29866 0.301424666667 0.00102689842262
 7 0.305328 0.301982285714 0.00102042579577
 8 0.305896 0.3024715 0.00100331237347
 9 0.306844 0.302957333333 0.00100258392094
 10 0.302592 0.3029208 0.000902990905824
 11 0.30454 0.303068 0.000832812222742
 12 0.300144 0.302824333333 0.000798262064786
 13 0.30854 0.303264 0.000849350158833
 14 0.305992 0.303458857143 0.000810726197881
 15 0.30186 0.303352266667 0.000763652646266
 16 0.301572 0.303241 0.000723984935962
 17 0.307296 0.303479529412 0.00071961942132
 18 0.306004 0.303619777778 0.000693172522107
 19 0.300508 0.303456 0.000675760943816
 20 0.302132 0.3033898 0.000645207344968
 1 0.30086 0.30086 0
 2 0.308044 0.304452 0.00253992755802
 3 0.30124 0.303381333333 0.00190563173155
 4 0.29972 0.302466 0.00163433686858
 5 0.305716 0.303116 0.00143090058355
 6 0.310092 0.304278666667 0.00159635631407
 7 0.290324 0.302285142857 0.00229753411228
 8 0.302036 0.302254 0.0020105534064
 9 0.300048 0.302008888889 0.00180203766999
 10 0.298276 0.3016356 0.0016600467897
 11 0.306056 0.302037454545 0.00155701322661
 12 0.302672 0.302090333333 0.0014281597684
 13 0.30182 0.302069538462 0.00131845270895
 14 0.294144 0.301503428571 0.00134031503194
 15 0.3045 0.3017032 0.00126576092248
 16 0.305168 0.30191975 0.00120503249275
 17 0.312896 0.302565411765 0.00129562688213
 18 0.30222 0.302546222222 0.0012237897109
 1 0.307088 0.307088 0
 2 0.304832 0.30596 0.000797616449177
 3 0.302344 0.304754666667 0.00111861713571
 4 0.296436 0.302675 0.00198686153267
 5 0.309648 0.3040696 0.00202049581242
 6 0.300696 0.303507333333 0.00176024301773
 7 0.303908 0.303564571429 0.00150971005268
 8 0.310204 0.3043945 0.0015322254954
 9 0.3034 0.304284 0.00136595688886
 10 0.299104 0.303766 0.00132394129779
 11 0.304356 0.303819636364 0.00120466898353
 12 0.298652 0.303389 0.00117873992278
 13 0.311296 0.303997230769 0.0012350621581
 14 0.304236 0.304014285714 0.00114696118215
 15 0.305084 0.3040856 0.00107271185652
 16 0.3046 0.30411775 0.00100614903026
 17 0.298456 0.303784705882 0.00100056693882
 18 0.30794 0.304015555556 0.000971245548228
 19 0.299032 0.303753263158 0.000954887821991
 20 0.29632 0.3033816 0.000976798869778
 1 0.307088 0.307088 0
 2 0.304832 0.30596 0.000797616449177
 3 0.302344 0.304754666667 0.00111861713571
 4 0.296436 0.302675 0.00198686153267
 5 0.309648 0.3040696 0.00202049581242
 6 0.300696 0.303507333333 0.00176024301773
 7 0.303908 0.303564571429 0.00150971005268
 8 0.310204 0.3043945 0.0015322254954
 9 0.3034 0.304284 0.00136595688886
 10 0.299104 0.303766 0.00132394129779
 11 0.304356 0.303819636364 0.00120466898353
 12 0.298652 0.303389 0.00117873992278
 13 0.311296 0.303997230769 0.0012350621581
 14 0.304236 0.304014285714 0.00114696118215
 15 0.305084 0.3040856 0.00107271185652
 16 0.3046 0.30411775 0.00100614903026
 17 0.298456 0.303784705882 0.00100056693882
 18 0.30794 0.304015555556 0.000971245548228
 19 0.299032 0.303753263158 0.000954887821991
 20 0.29632 0.3033816 0.000976798869778
 1 0.299564 0.299564 0
 2 0.30604 0.302802 0.00228961175748
 3 0.306876 0.30416 0.00188662756143
 4 0.2985 0.302745 0.00187184688209
 5 0.307432 0.3036824 0.00171622081563
 6 0.303352 0.303627333333 0.00143106717496
 7 0.310016 0.30454 0.00148949146232
 8 0.311004 0.305348 0.00150660545598
 9 0.294908 0.304188 0.0017290339842
 10 0.30384 0.3041532 0.00155648075349
 11 0.301968 0.303954545455 0.00142760341487
 12 0.3015 0.30375 0.00132320885225
 13 0.30352 0.303732307692 0.00122154182999
 14 0.302028 0.303610571429 0.00114033869706
 15 0.303684 0.303615466667 0.00106432662433
 16 0.310444 0.30404225 0.00107998946573
 17 0.307312 0.304234588235 0.00103344578007
 18 0.306104 0.304338444444 0.000981236767535
 19 0.303528 0.304295789474 0.000930519384288
 20 0.298472 0.3040046 0.00092843745185
 1 0.306012 0.306012 0
 2 0.304884 0.305448 0.000398808224588
 3 0.3009 0.303932 0.001266040547
 4 0.304004 0.30395 0.000949658359621
 5 0.302264 0.3036128 0.000817403029109
 6 0.301464 0.303254666667 0.000755562287552
 7 0.30852 0.304006857143 0.00095098959046
 8 0.297924 0.3032465 0.00109466523136
 9 0.302716 0.303187555556 0.000974621460055
 10 0.300084 0.3028772 0.000925255086989
 11 0.299688 0.302587272727 0.000885400680561
 12 0.30528 0.302811666667 0.000839570850472
 13 0.302524 0.302789538462 0.000775280034272
 14 0.30092 0.302656 0.000731313160539
 15 0.295728 0.302194133333 0.000815466829447
 16 0.305092 0.30237525 0.000784355485316
 17 0.307484 0.302675764706 0.000793700838457
 18 0.30006 0.302530444444 0.000762793834186
 19 0.309324 0.302888 0.000802082055197
 20 0.302212 0.3028542 0.000762689791463
 1 0.307088 0.307088 0
 2 0.304832 0.30596 0.000797616449177
 3 0.302344 0.304754666667 0.00111861713571
 4 0.296436 0.302675 0.00198686153267
 5 0.309648 0.3040696 0.00202049581242
 6 0.300696 0.303507333333 0.00176024301773
 7 0.303908 0.303564571429 0.00150971005268
 8 0.310204 0.3043945 0.0015322254954
 9 0.3034 0.304284 0.00136595688886
 10 0.299104 0.303766 0.00132394129779
 11 0.304356 0.303819636364 0.00120466898353
 12 0.298652 0.303389 0.00117873992278
 13 0.311296 0.303997230769 0.0012350621581
 14 0.304236 0.304014285714 0.00114696118215
 15 0.305084 0.3040856 0.00107271185652
 16 0.3046 0.30411775 0.00100614903026
 17 0.298456 0.303784705882 0.00100056693882
 18 0.30794 0.304015555556 0.000971245548228
 19 0.299032 0.303753263158 0.000954887821991
 20 0.29632 0.3033816 0.000976798869778
 1 0.299564 0.299564 0
 2 0.30604 0.302802 0.00228961175748
 3 0.306876 0.30416 0.00188662756143
 4 0.2985 0.302745 0.00187184688209
 5 0.307432 0.3036824 0.00171622081563
 6 0.303352 0.303627333333 0.00143106717496
 7 0.310016 0.30454 0.00148949146232
 8 0.311004 0.305348 0.00150660545598
 9 0.294908 0.304188 0.0017290339842
 10 0.30384 0.3041532 0.00155648075349
 11 0.301968 0.303954545455 0.00142760341487
 12 0.3015 0.30375 0.00132320885225
 13 0.30352 0.303732307692 0.00122154182999
 14 0.302028 0.303610571429 0.00114033869706
 15 0.303684 0.303615466667 0.00106432662433
 16 0.310444 0.30404225 0.00107998946573
 17 0.307312 0.304234588235 0.00103344578007
 18 0.306104 0.304338444444 0.000981236767535
 19 0.303528 0.304295789474 0.000930519384288
 20 0.298472 0.3040046 0.00092843745185
 1 1.38238 1.38238 0
 2 1.352232 1.367306 0.0106589276196
 3 1.366556 1.367056 0.00710888295648
 4 1.308168 1.352334 0.0138195363526
 5 1.325668 1.3470008 0.0120408202458
 6 1.396788 1.35529866667 0.0125722042853
 7 1.32694 1.35124742857 0.0114102512141
 8 1.352336 1.3513835 0.00998478113023
 9 1.344472 1.35061555556 0.00890484391294
 10 1.373624 1.3529164 0.00830629009751
 11 1.33638 1.35141309091 0.00768600677786
 12 1.392892 1.35486966667 0.00778404869601
 13 1.330284 1.35297846154 0.0074114584632
 14 1.413068 1.35727057143 0.00802927164824
 15 1.314632 1.354428 0.00798131384785
 16 1.365104 1.35509525 0.0075103214996
 17 1.368512 1.35588447059 0.0071098844973
 18 1.364232 1.35634822222 0.0067299983268
 19 1.374316 1.35729389474 0.00644188632837
 20 1.338068 1.3563326 0.00619110147405
 1 1.319052 1.319052 0
 2 1.388608 1.35383 0.0245917596361
 3 1.349076 1.35224533333 0.0164454842794
 4 1.344196 1.350233 0.0124566232483
 5 1.328812 1.3459488 0.0106766414135
 6 1.345436 1.34586333333 0.00889754325227
 7 1.457296 1.36178228571 0.0165944014529
 8 1.358004 1.36131 0.0145268204711
 9 1.348572 1.35989466667 0.0129814934559
 10 1.406412 1.3645464 0.0124890067781
 11 1.386972 1.36658509091 0.0115188374998
 12 1.324424 1.36307166667 0.0110818123915
 13 1.420376 1.36747969231 0.0110714017048
 14 1.313556 1.363628 0.0109300653171
 15 1.357708 1.36323333333 0.0102085171911
 16 1.32374 1.360765 0.00986438331511
 17 1.3828 1.36206117647 0.00936889702114
 18 1.358224 1.361848 0.00885082767979
 19 1.34618 1.36102336842 0.00842332250599
 20 1.388024 1.3623734 0.00810962161522
 1 1.38238 1.38238 0
 2 1.352232 1.367306 0.0106589276196
 3 1.366556 1.367056 0.00710888295648
 4 1.308168 1.352334 0.0138195363526
 5 1.325668 1.3470008 0.0120408202458
 6 1.396788 1.35529866667 0.0125722042853
 7 1.32694 1.35124742857 0.0114102512141
 8 1.352336 1.3513835 0.00998478113023
 9 1.344472 1.35061555556 0.00890484391294
 10 1.373624 1.3529164 0.00830629009751
 11 1.33638 1.35141309091 0.00768600677786
 12 1.392892 1.35486966667 0.00778404869601
 13 1.330284 1.35297846154 0.0074114584632
 14 1.413068 1.35727057143 0.00802927164824
 15 1.314632 1.354428 0.00798131384785
 16 1.365104 1.35509525 0.0075103214996
 17 1.368512 1.35588447059 0.0071098844973
 18 1.364232 1.35634822222 0.0067299983268
 19 1.374316 1.35729389474 0.00644188632837
 20 1.338068 1.3563326 0.00619110147405
 1 1.319052 1.319052 0
 2 1.388608 1.35383 0.0245917596361
 3 1.349076 1.35224533333 0.0164454842794
 4 1.344196 1.350233 0.0124566232483
 5 1.328812 1.3459488 0.0106766414135
 6 1.345436 1.34586333333 0.00889754325227
 7 1.457296 1.36178228571 0.0165944014529
 8 1.358004 1.36131 0.0145268204711
 9 1.348572 1.35989466667 0.0129814934559
 10 1.406412 1.3645464 0.0124890067781
 11 1.386972 1.36658509091 0.0115188374998
 12 1.324424 1.36307166667 0.0110818123915
 13 1.420376 1.36747969231 0.0110714017048
 14 1.313556 1.363628 0.0109300653171
 15 1.357708 1.36323333333 0.0102085171911
 16 1.32374 1.360765 0.00986438331511
 17 1.3828 1.36206117647 0.00936889702114
 18 1.358224 1.361848 0.00885082767979
 19 1.34618 1.36102336842 0.00842332250599
 20 1.388024 1.3623734 0.00810962161522
 1 1.38238 1.38238 0
 2 1.352232 1.367306 0.0106589276196
 3 1.366556 1.367056 0.00710888295648
 4 1.308168 1.352334 0.0138195363526
 5 1.325668 1.3470008 0.0120408202458
 6 1.396788 1.35529866667 0.0125722042853
 7 1.32694 1.35124742857 0.0114102512141
 8 1.352336 1.3513835 0.00998478113023
 9 1.344472 1.35061555556 0.00890484391294
 10 1.373624 1.3529164 0.00830629009751
 11 1.33638 1.35141309091 0.00768600677786
 12 1.392892 1.35486966667 0.00778404869601
 13 1.330284 1.35297846154 0.0074114584632
 14 1.413068 1.35727057143 0.00802927164824
 15 1.314632 1.354428 0.00798131384785
 16 1.365104 1.35509525 0.0075103214996
 17 1.368512 1.35588447059 0.0071098844973
 18 1.364232 1.35634822222 0.0067299983268
 19 1.374316 1.35729389474 0.00644188632837
 20 1.338068 1.3563326 0.00619110147405
 1 1.319052 1.319052 0
 2 1.388608 1.35383 0.0245917596361
 3 1.349076 1.35224533333 0.0164454842794
 4 1.344196 1.350233 0.0124566232483
 5 1.328812 1.3459488 0.0106766414135
 6 1.345436 1.34586333333 0.00889754325227
 7 1.457296 1.36178228571 0.0165944014529
 8 1.358004 1.36131 0.0145268204711
 9 1.348572 1.35989466667 0.0129814934559
 10 1.406412 1.3645464 0.0124890067781
 11 1.386972 1.36658509091 0.0115188374998
 12 1.324424 1.36307166667 0.0110818123915
 13 1.420376 1.36747969231 0.0110714017048
 14 1.313556 1.363628 0.0109300653171
 15 1.357708 1.36323333333 0.0102085171911
 16 1.32374 1.360765 0.00986438331511
 17 1.3828 1.36206117647 0.00936889702114
 18 1.358224 1.361848 0.00885082767979
 19 1.34618 1.36102336842 0.00842332250599
 20 1.388024 1.3623734 0.00810962161522
 1 1.38238 1.38238 0
 2 1.352232 1.367306 0.0106589276196
 3 1.366556 1.367056 0.00710888295648
 4 1.308168 1.352334 0.0138195363526
 5 1.325668 1.3470008 0.0120408202458
 6 1.396788 1.35529866667 0.0125722042853
 7 1.32694 1.35124742857 0.0114102512141
 8 1.352336 1.3513835 0.00998478113023
 9 1.344472 1.35061555556 0.00890484391294
 10 1.373624 1.3529164 0.00830629009751
 11 1.33638 1.35141309091 0.00768600677786
 12 1.392892 1.35486966667 0.00778404869601
 13 1.330284 1.35297846154 0.0074114584632
 14 1.413068 1.35727057143 0.00802927164824
 15 1.314632 1.354428 0.00798131384785
 16 1.365104 1.35509525 0.0075103214996
 17 1.368512 1.35588447059 0.0071098844973
 18 1.364232 1.35634822222 0.0067299983268
 19 1.374316 1.35729389474 0.00644188632837
 20 1.338068 1.3563326 0.00619110147405
 1 1.319052 1.319052 0
 2 1.388608 1.35383 0.0245917596361
 3 1.349076 1.35224533333 0.0164454842794
 4 1.344196 1.350233 0.0124566232483
 5 1.328812 1.3459488 0.0106766414135
 6 1.345436 1.34586333333 0.00889754325227
 7 1.457296 1.36178228571 0.0165944014529
 8 1.358004 1.36131 0.0145268204711
 9 1.348572 1.35989466667 0.0129814934559
 10 1.406412 1.3645464 0.0124890067781
 11 1.386972 1.36658509091 0.0115188374998
 12 1.324424 1.36307166667 0.0110818123915
 13 1.420376 1.36747969231 0.0110714017048
 14 1.313556 1.363628 0.0109300653171
 15 1.357708 1.36323333333 0.0102085171911
 16 1.32374 1.360765 0.00986438331511
 17 1.3828 1.36206117647 0.00936889702114
 18 1.358224 1.361848 0.00885082767979
 19 1.34618 1.36102336842 0.00842332250599
 20 1.388024 1.3623734 0.00810962161522
 1 1.38238 1.38238 0
 2 1.352232 1.367306 0.0106589276196
 3 1.366556 1.367056 0.00710888295648
 4 1.308168 1.352334 0.0138195363526
 5 1.325668 1.3470008 0.0120408202458
 6 1.396788 1.35529866667 0.0125722042853
 7 1.32694 1.35124742857 0.0114102512141
 8 1.352336 1.3513835 0.00998478113023
 9 1.344472 1.35061555556 0.00890484391294
 10 1.373624 1.3529164 0.00830629009751
 11 1.33638 1.35141309091 0.00768600677786
 12 1.392892 1.35486966667 0.00778404869601
 13 1.330284 1.35297846154 0.0074114584632
 14 1.413068 1.35727057143 0.00802927164824
 15 1.314632 1.354428 0.00798131384785
 16 1.365104 1.35509525 0.0075103214996
 17 1.368512 1.35588447059 0.0071098844973
 18 1.364232 1.35634822222 0.0067299983268
 19 1.374316 1.35729389474 0.00644188632837
 20 1.338068 1.3563326 0.00619110147405
 1 1.319052 1.319052 0
 2 1.388608 1.35383 0.0245917596361
 3 1.349076 1.35224533333 0.0164454842794
 4 1.344196 1.350233 0.0124566232483
 5 1.328812 1.3459488 0.0106766414135
 6 1.345436 1.34586333333 0.00889754325227
 7 1.457296 1.36178228571 0.0165944014529
 8 1.358004 1.36131 0.0145268204711
 9 1.348572 1.35989466667 0.0129814934559
 10 1.406412 1.3645464 0.0124890067781
 11 1.386972 1.36658509091 0.0115188374998
 12 1.324424 1.36307166667 0.0110818123915
 13 1.420376 1.36747969231 0.0110714017048
 14 1.313556 1.363628 0.0109300653171
 15 1.357708 1.36323333333 0.0102085171911
 16 1.32374 1.360765 0.00986438331511
 17 1.3828 1.36206117647 0.00936889702114
 18 1.358224 1.361848 0.00885082767979
 19 1.34618 1.36102336842 0.00842332250599
 20 1.388024 1.3623734 0.00810962161522
 1 1.38238 1.38238 0
 2 1.352232 1.367306 0.0106589276196
 3 1.366556 1.367056 0.00710888295648
 4 1.308168 1.352334 0.0138195363526
 5 1.325668 1.3470008 0.0120408202458
 6 1.396788 1.35529866667 0.0125722042853
 7 1.32694 1.35124742857 0.0114102512141
 8 1.352336 1.3513835 0.00998478113023
 9 1.344472 1.35061555556 0.00890484391294
 10 1.373624 1.3529164 0.00830629009751
 11 1.33638 1.35141309091 0.00768600677786
 12 1.392892 1.35486966667 0.00778404869601
 13 1.330284 1.35297846154 0.0074114584632
 14 1.413068 1.35727057143 0.00802927164824
 15 1.314632 1.354428 0.00798131384785
 16 1.365104 1.35509525 0.0075103214996
 17 1.368512 1.35588447059 0.0071098844973
 18 1.364232 1.35634822222 0.0067299983268
 19 1.374316 1.35729389474 0.00644188632837
 20 1.338068 1.3563326 0.00619110147405
 1 1.319052 1.319052 0
 2 1.388608 1.35383 0.0245917596361
 3 1.349076 1.35224533333 0.0164454842794
 4 1.344196 1.350233 0.0124566232483
 5 1.328812 1.3459488 0.0106766414135
 6 1.345436 1.34586333333 0.00889754325227
 7 1.457296 1.36178228571 0.0165944014529
 8 1.358004 1.36131 0.0145268204711
 9 1.348572 1.35989466667 0.0129814934559
 10 1.406412 1.3645464 0.0124890067781
 11 1.386972 1.36658509091 0.0115188374998
 12 1.324424 1.36307166667 0.0110818123915
 13 1.420376 1.36747969231 0.0110714017048
 14 1.313556 1.363628 0.0109300653171
 15 1.357708 1.36323333333 0.0102085171911
 16 1.32374 1.360765 0.00986438331511
 17 1.3828 1.36206117647 0.00936889702114
 18 1.358224 1.361848 0.00885082767979
 19 1.34618 1.36102336842 0.00842332250599
 20 1.388024 1.3623734 0.00810962161522
 1 1.38238 1.38238 0
 2 1.352232 1.367306 0.0106589276196
 3 1.366556 1.367056 0.00710888295648
 4 1.308168 1.352334 0.0138195363526
 5 1.325668 1.3470008 0.0120408202458
 6 1.396788 1.35529866667 0.0125722042853
 7 1.32694 1.35124742857 0.0114102512141
 8 1.352336 1.3513835 0.00998478113023
 9 1.344472 1.35061555556 0.00890484391294
 10 1.373624 1.3529164 0.00830629009751
 11 1.33638 1.35141309091 0.00768600677786
 12 1.392892 1.35486966667 0.00778404869601
 13 1.330284 1.35297846154 0.0074114584632
 14 1.413068 1.35727057143 0.00802927164824
 15 1.314632 1.354428 0.00798131384785
 16 1.365104 1.35509525 0.0075103214996
 17 1.368512 1.35588447059 0.0071098844973
 18 1.364232 1.35634822222 0.0067299983268
 19 1.374316 1.35729389474 0.00644188632837
 20 1.338068 1.3563326 0.00619110147405
 1 1.319052 1.319052 0
 2 1.388608 1.35383 0.0245917596361
 3 1.349076 1.35224533333 0.0164454842794
 4 1.344196 1.350233 0.0124566232483
 5 1.328812 1.3459488 0.0106766414135
 6 1.345436 1.34586333333 0.00889754325227
 7 1.457296 1.36178228571 0.0165944014529
 8 1.358004 1.36131 0.0145268204711
 9 1.348572 1.35989466667 0.0129814934559
 10 1.406412 1.3645464 0.0124890067781
 11 1.386972 1.36658509091 0.0115188374998
 12 1.324424 1.36307166667 0.0110818123915
 13 1.420376 1.36747969231 0.0110714017048
 14 1.313556 1.363628 0.0109300653171
 15 1.357708 1.36323333333 0.0102085171911
 16 1.32374 1.360765 0.00986438331511
 17 1.3828 1.36206117647 0.00936889702114
 18 1.358224 1.361848 0.00885082767979
 19 1.34618 1.36102336842 0.00842332250599
 20 1.388024 1.3623734 0.00810962161522
 1 1.38238 1.38238 0
 2 1.352232 1.367306 0.0106589276196
 3 1.366556 1.367056 0.00710888295648
 4 1.308168 1.352334 0.0138195363526
 5 1.325668 1.3470008 0.0120408202458
 6 1.396788 1.35529866667 0.0125722042853
 7 1.32694 1.35124742857 0.0114102512141
 8 1.352336 1.3513835 0.00998478113023
 9 1.344472 1.35061555556 0.00890484391294
 10 1.373624 1.3529164 0.00830629009751
 11 1.33638 1.35141309091 0.00768600677786
 12 1.392892 1.35486966667 0.00778404869601
 13 1.330284 1.35297846154 0.0074114584632
 14 1.413068 1.35727057143 0.00802927164824
 15 1.314632 1.354428 0.00798131384785
 16 1.365104 1.35509525 0.0075103214996
 17 1.368512 1.35588447059 0.0071098844973
 18 1.364232 1.35634822222 0.0067299983268
 19 1.374316 1.35729389474 0.00644188632837
 20 1.338068 1.3563326 0.00619110147405
 1 1.319052 1.319052 0
 2 1.388608 1.35383 0.0245917596361
 3 1.349076 1.35224533333 0.0164454842794
 4 1.344196 1.350233 0.0124566232483
 5 1.328812 1.3459488 0.0106766414135
 6 1.345436 1.34586333333 0.00889754325227
 7 1.457296 1.36178228571 0.0165944014529
 8 1.358004 1.36131 0.0145268204711
 9 1.348572 1.35989466667 0.0129814934559
 10 1.406412 1.3645464 0.0124890067781
 11 1.386972 1.36658509091 0.0115188374998
 12 1.324424 1.36307166667 0.0110818123915
 13 1.420376 1.36747969231 0.0110714017048
 14 1.313556 1.363628 0.0109300653171
 15 1.357708 1.36323333333 0.0102085171911
 16 1.32374 1.360765 0.00986438331511
 17 1.3828 1.36206117647 0.00936889702114
 18 1.358224 1.361848 0.00885082767979
 19 1.34618 1.36102336842 0.00842332250599
 20 1.388024 1.3623734 0.00810962161522
 1 1.38238 1.38238 0
 2 1.352232 1.367306 0.0106589276196
 3 1.366556 1.367056 0.00710888295648
 4 1.308168 1.352334 0.0138195363526
 5 1.325668 1.3470008 0.0120408202458
 6 1.396788 1.35529866667 0.0125722042853
 7 1.32694 1.35124742857 0.0114102512141
 8 1.352336 1.3513835 0.00998478113023
 9 1.344472 1.35061555556 0.00890484391294
 10 1.373624 1.3529164 0.00830629009751
 11 1.33638 1.35141309091 0.00768600677786
 12 1.392892 1.35486966667 0.00778404869601
 13 1.330284 1.35297846154 0.0074114584632
 14 1.413068 1.35727057143 0.00802927164824
 15 1.314632 1.354428 0.00798131384785
 16 1.365104 1.35509525 0.0075103214996
 17 1.368512 1.35588447059 0.0071098844973
 18 1.364232 1.35634822222 0.0067299983268
 19 1.374316 1.35729389474 0.00644188632837
 20 1.338068 1.3563326 0.00619110147405
 1 1.319052 1.319052 0
 2 1.388608 1.35383 0.0245917596361
 3 1.349076 1.35224533333 0.0164454842794
 4 1.344196 1.350233 0.0124566232483
 5 1.328812 1.3459488 0.0106766414135
 6 1.345436 1.34586333333 0.00889754325227
 7 1.457296 1.36178228571 0.0165944014529
 8 1.358004 1.36131 0.0145268204711
 9 1.348572 1.35989466667 0.0129814934559
 10 1.406412 1.3645464 0.0124890067781
 11 1.386972 1.36658509091 0.0115188374998
 12 1.324424 1.36307166667 0.0110818123915
 13 1.420376 1.36747969231 0.0110714017048
 14 1.313556 1.363628 0.0109300653171
 15 1.357708 1.36323333333 0.0102085171911
 16 1.32374 1.360765 0.00986438331511
 17 1.3828 1.36206117647 0.00936889702114
 18 1.358224 1.361848 0.00885082767979
 19 1.34618 1.36102336842 0.00842332250599
 20 1.388024 1.3623734 0.00810962161522
