 1 0.003048 0.003048 0
 2 -0.001392 0.000828 0.00156977705423
 3 0.000344 0.000666666666667 0.00105477594602
 4 -0.001492 0.000127 0.000918825745177
 5 -0.00028 4.56e-05 0.00073865746324
 6 0.001536 0.000294 0.000655986280344
 7 0.00018 0.000277714285714 0.000562476075293
 8 0.000572 0.0003145 0.000493367985129
 9 -0.00052 0.000221777777778 0.000447177424334
 10 -0.000552 0.0001444 0.000409099479345
 11 -0.001572 -1.16363636364e-05 0.00040056206941
 12 0.00062 4.1e-05 0.000370624135749
 13 -0.00032 1.32307692308e-05 0.000343153322881
 14 -0.00206 -0.000134857142857 0.000349136878268
 15 -0.000244 -0.000142133333333 0.000325936897324
 16 -0.000616 -0.00017175 0.000306908469407
 17 -0.00092 -0.000215764705882 0.000291994116751
 18 -0.00174 -0.000300444444444 0.000287789169897
 19 0.001144 -0.000224421052632 0.000282505277236
 20 -0.000656 -0.000246 0.000269202897458
 1 0.003048 0.003048 0
 2 -0.001392 0.000828 0.00156977705423
 3 0.000344 0.000666666666667 0.00105477594602
 4 -0.001492 0.000127 0.000918825745177
 5 -0.00028 4.56e-05 0.00073865746324
 6 0.001536 0.000294 0.000655986280344
 7 0.00018 0.000277714285714 0.000562476075293
 8 0.000572 0.0003145 0.000493367985129
 9 -0.00052 0.000221777777778 0.000447177424334
 10 -0.000552 0.0001444 0.000409099479345
 11 -0.001572 -1.16363636364e-05 0.00040056206941
 12 0.00062 4.1e-05 0.000370624135749
 13 -0.00032 1.32307692308e-05 0.000343153322881
 14 -0.00206 -0.000134857142857 0.000349136878268
 15 -0.000244 -0.000142133333333 0.000325936897324
 16 -0.000616 -0.00017175 0.000306908469407
 17 -0.00092 -0.000215764705882 0.000291994116751
 18 -0.00174 -0.000300444444444 0.000287789169897
 19 0.001144 -0.000224421052632 0.000282505277236
 20 -0.000656 -0.000246 0.000269202897458
 1 0.003048 0.003048 0
 2 -0.001392 0.000828 0.00156977705423
 3 0.000344 0.000666666666667 0.00105477594602
 4 -0.001492 0.000127 0.000918825745177
 5 -0.00028 4.56e-05 0.00073865746324
 6 0.001536 0.000294 0.000655986280344
 7 0.00018 0.000277714285714 0.000562476075293
 8 0.000572 0.0003145 0.000493367985129
 9 -0.00052 0.000221777777778 0.000447177424334
 10 -0.000552 0.0001444 0.000409099479345
 11 -0.001572 -1.16363636364e-05 0.00040056206941
 12 0.00062 4.1e-05 0.000370624135749
 13 -0.00032 1.32307692308e-05 0.000343153322881
 14 -0.00206 -0.000134857142857 0.000349136878268
 15 -0.000244 -0.000142133333333 0.000325936897324
 16 -0.000616 -0.00017175 0.000306908469407
 17 -0.00092 -0.000215764705882 0.000291994116751
 18 -0.00174 -0.000300444444444 0.000287789169897
 19 0.001144 -0.000224421052632 0.000282505277236
 20 -0.000656 -0.000246 0.000269202897458
 1 0.00058 0.00058 0
 2 8e-06 0.000294 0.000202232539419
 3 0.00082 0.000469333333333 0.000196650470143
 4 -0.001412 -1e-06 0.000433200588642
 5 0.000864 0.000172 0.000379535716369
 6 0.001776 0.000439333333333 0.000399485687872
 7 0.00088 0.000502285714286 0.000347341020118
 8 0.00022 0.000467 0.000305710443067
 9 0.001004 0.000526666666667 0.000277504220855
 10 -0.000312 0.0004428 0.000262120613459
 11 -0.00012 0.000391636363636 0.000243233563661
 12 0.001308 0.000468 0.000234645358881
 13 -0.002048 0.000274461538462 0.000285463696598
 14 -0.000212 0.000239714285714 0.000267179818462
 15 -0.000564 0.000186133333333 0.000254683801634
 16 -0.001428 8.525e-05 0.000257974010016
 17 -0.000448 5.38823529412e-05 0.000244698669045
 18 -0.001568 -3.62222222222e-05 0.000247137582959
 19 0.00288 0.000117263157895 0.000277731699005
 20 -0.000608 8.1e-05 0.00026620200976
 1 -0.000772 -0.000772 0
 2 -0.002876 -0.001824 0.000743876333808
 3 0.000396 -0.001084 0.000781665458421
 4 -0.00062 -0.000968 0.000594794082015
 5 0.000712 -0.000632 0.000562793034783
 6 0.000152 -0.000501333333333 0.00048392530798
 7 -0.000536 -0.000506285714286 0.000414818461119
 8 -0.000796 -0.0005425 0.000364543507349
 9 0.000564 -0.000419555555556 0.000344146649444
 10 0.000764 -0.0003012 0.000329455817979
 11 -0.00136 -0.000397454545455 0.000313250839832
 12 0.00036 -0.000334333333333 0.000293437276407
 13 0.000236 -0.000290461538462 0.000274125195243
 14 -0.000744 -0.000322857142857 0.000256451906164
 15 -0.001096 -0.0003744 0.000244479906923
 16 -0.000988 -0.00041275 0.000232188290712
 17 0.000292 -0.000371294117647 0.000222200192861
 18 -0.00126 -0.000420666666667 0.000215271118177
 19 -0.000948 -0.000448421052632 0.000205722432421
 20 0.000108 -0.0004206 0.000197308545177
 1 0.000876 0.000876 0
 2 -0.00034 0.000268 0.000429920922961
 3 -0.000384 5.06666666667e-05 0.000337100490567
 4 0.000396 0.000137 0.000263648914278
 5 0.001156 0.0003408 0.000278773083349
 6 0.001508 0.000535333333333 0.000292411303424
 7 -0.00038 0.000404571428571 0.00027834429254
 8 -0.000612 0.0002775 0.00027100916728
 9 0.00068 0.000322222222222 0.000244559254744
 10 -0.00104 0.000186 0.000255237771499
 11 0.001076 0.000266909090909 0.000244522183906
 12 -0.001184 0.000146 0.000252273440712
 13 -0.00172 2.46153846154e-06 0.000270639667765
 14 0.001148 8.42857142857e-05 0.000263387187417
 15 -0.00172 -3.6e-05 0.000271910835059
 16 -0.000204 -4.65e-05 0.000255119059215
 17 0.000604 -8.23529411765e-06 0.000242964726524
 18 -0.000668 -4.48888888889e-05 0.000232215003727
 19 0.001332 2.75789473684e-05 0.000231024195778
 20 6.8e-05 2.96e-05 0.000219481826127
 1 0.000836 0.000836 0
 2 0.0011 0.000968 9.33380951166e-05
 3 -0.001356 0.000193333333333 0.000635566122678
 4 -0.001268 -0.000172 0.000572118868768
 5 0.000852 3.28e-05 0.000492990093207
 6 -0.000184 -3.33333333333e-06 0.000412147133023
 7 -0.001384 -0.000200571428571 0.000397673584593
 8 0.000672 -9.15e-05 0.000362613732159
 9 -0.000772 -0.000167111111111 0.000330112305785
 10 -0.000496 -0.0002 0.000298734932674
 11 -8.4e-05 -0.000189454545455 0.000271763277022
 12 0.000348 -0.000144666666667 0.00025278002441
 13 0.001436 -2.30769230769e-05 0.000260944902515
 14 -6e-05 -2.57142857143e-05 0.000242319308414
 15 -0.000348 -4.72e-05 0.000227115226751
 16 -0.000204 -5.7e-05 0.000213131854728
 17 -0.000516 -8.4e-05 0.000202297666869
 18 -0.002548 -0.000220888888889 0.000232811173538
 19 -0.000792 -0.000250947368421 0.000222489932216
 20 -0.002096 -0.0003432 0.000229696251602
 1 0.001872 0.001872 0
 2 -0.000328 0.000772 0.000777817459305
 3 0.002084 0.00120933333333 0.000629599755283
 4 0.000672 0.001075 0.000486319596562
 5 -0.000336 0.0007928 0.000463760489908
 6 -0.000256 0.000618 0.000418114019537
 7 0.000156 0.000552 0.000363555233992
 8 0.00072 0.000573 0.000318716762973
 9 0.00158 0.000684888888889 0.000302306378987
 10 -4e-06 0.000616 0.000279814795892
 11 0.001676 0.000712363636364 0.000270461597241
 12 -9.2e-05 0.000645333333333 0.000256094745199
 13 -0.000344 0.000569230769231 0.000247444456832
 14 -0.000516 0.000491714285714 0.000241606684691
 15 -0.001896 0.000332533333333 0.000272945771849
 16 0.002508 0.0004685 0.000287766371168
 17 0.002932 0.000613411764706 0.000305152240169
 18 0.001716 0.000674666666667 0.000294283142401
 19 -1.6e-05 0.000638315789474 0.000281030681704
 20 0.000172 0.000615 0.000267944602483
 1 0.000324 0.000324 0
 2 0.001624 0.000974 0.000459619407771
 3 5.2e-05 0.000666666666667 0.000396053120268
 4 -6e-05 0.000485 0.000336132042507
 5 -0.000304 0.0003272 0.000303695426373
 6 -0.000472 0.000194 0.000280774721876
 7 -0.0035 -0.000333714285714 0.000544626804046
 8 0.000524 -0.0002265 0.00048698713407
 9 9.2e-05 -0.000191111111111 0.000434161386744
 10 -0.001464 -0.0003184 0.000408979295319
 11 -0.000604 -0.000344363636364 0.000372622585581
 12 -0.000244 -0.000336 0.000341664552839
 13 0.001308 -0.000209538461538 0.000337977146655
 14 0.000556 -0.000154857142857 0.000318228624932
 15 -0.001188 -0.000223733333333 0.000304375783336
 16 -0.002296 -0.00035325 0.000311692299943
 17 -0.000124 -0.000339764705882 0.00029364903291
 18 0.003336 -0.000135555555556 0.000341027045579
 19 -0.0005 -0.000154736842105 0.00032361723605
 20 -0.001056 -0.0001998 0.000310558010684
 1 0.00064 0.00064 0
 2 -0.000332 0.000154 0.000343653895657
 3 0.001248 0.000518666666667 0.000375689391011
 4 -5.6e-05 0.000375 0.000308014204218
 5 -0.000216 0.0002568 0.000268133459307
 6 -0.00178 -8.26666666667e-05 0.000382045566412
 7 -0.002248 -0.000392 0.000435031690143
 8 0.0014 -0.000168 0.000434511795007
 9 -0.000176 -0.000168888888889 0.00038623361588
 10 0.00072 -8e-05 0.000357692605459
 11 -0.001396 -0.000199636363636 0.000344601992788
 12 -3.2e-05 -0.000185666666667 0.000316168189535
 13 0.001864 -2.8e-05 0.00032881843338
 14 0.001548 8.45714285714e-05 0.000324028433407
 15 0.000308 9.94666666667e-05 0.000302768703309
 16 -0.001056 2.725e-05 0.000292331408411
 17 -0.000996 -3.29411764706e-05 0.000281263885877
 18 0.000252 -1.71111111111e-05 0.0002660832146
 19 0.002024 9.03157894737e-05 0.000272904527588
 20 -0.002312 -2.98e-05 0.000284467569329
 1 0.002148 0.002148 0
 2 0.000184 0.001166 0.000694378859125
 3 -0.00158 0.000250666666667 0.000879119424744
 4 0.000536 0.000322 0.000662227302367
 5 -0.000456 0.0001664 0.000547757143267
 6 -0.001436 -0.000100666666667 0.000517490883799
 7 6e-05 -7.77142857143e-05 0.000444072328834
 8 -0.000624 -0.000146 0.000393778491033
 9 -0.001248 -0.000268444444444 0.000368570917548
 10 0.000388 -0.0002028 0.000337509016176
 11 0.000512 -0.000137818181818 0.000313019467569
 12 -0.000444 -0.000163333333333 0.000287972542415
 13 -0.001652 -0.000277846153846 0.000287689383904
 14 0.000404 -0.000229142857143 0.000271231335427
 15 -0.002516 -0.0003816 0.000292879114995
 16 -0.000224 -0.00037175 0.000274739756122
 17 -0.002244 -0.000481882352941 0.000279783033615
 18 -0.000456 -0.000480444444444 0.000264243226693
 19 -0.004144 -0.000673263157895 0.000312874129215
 20 -0.000112 -0.0006452 0.000298486327995
 1 -0.000924 -0.000924 0
 2 0.001792 0.000434 0.000960251008851
 3 -0.001324 -0.000152 0.000799215170582
 4 -0.000188 -0.000161 0.000599462050509
 5 0.00156 0.0001832 0.000569882401904
 6 0.000336 0.000208666666667 0.000475470682977
 7 -0.00086 5.6e-05 0.000431360070248
 8 0.001284 0.0002095 0.000403829133112
 9 0.002796 0.000496888888889 0.000449741227227
 10 0.000904 0.0005376 0.000406605538575
 11 0.001492 0.000624363636364 0.000378785341699
 12 0.001652 0.00071 0.000356768988438
 13 -0.000128 0.000645538461538 0.000335098124204
 14 0.00188 0.000733714285714 0.000322555032934
 15 0.000592 0.000724266666667 0.000301189692411
 16 -0.000696 0.0006355 0.000295156288049
 17 -0.000484 0.000569647058824 0.000285045797828
 18 0.000656 0.000574444444444 0.00026925028769
 19 0.00022 0.000555789473684 0.000255724656927
 20 -0.000488 0.0005036 0.000248206833105
 1 -0.001516 -0.001516 0
 2 -0.000488 -0.001002 0.00036345288553
 3 -0.00106 -0.00102133333333 0.000242815583123
 4 0.001016 -0.000512 0.000477210645313
 5 0.001216 -0.0001664 0.000491221628188
 6 0.000708 -2.06666666667e-05 0.000430426575663
 7 -0.000584 -0.000101142857143 0.000376385138648
 8 0.00028 -5.35e-05 0.000332338635656
 9 -0.000368 -8.84444444444e-05 0.000297243596785
 10 -0.001332 -0.0002128 0.000292377181052
 11 -0.00118 -0.000300727272727 0.000278705303377
 12 0.000768 -0.000211666666667 0.000269333934955
 13 0.000492 -0.000157538461538 0.000253996799481
 14 0.00128 -5.48571428571e-05 0.000255768526912
 15 -0.00026 -6.85333333333e-05 0.000239082651755
 16 0.000508 -3.25e-05 0.000226839115619
 17 0.000868 2.04705882353e-05 0.000219593303193
 18 -0.000676 -1.82222222222e-05 0.000210774989081
 19 0.000384 2.94736842105e-06 0.000200741857825
 20 0.00152 7.88e-05 0.000204534222075
 1 -0.00038 -0.00038 0
 2 -0.000512 -0.000446 4.66690475583e-05
 3 0.000384 -0.000169333333333 0.00022802988758
 4 0.00042 -2.2e-05 0.000213375256297
 5 -0.001864 -0.0003904 0.000371097572075
 6 0.001108 -0.000140666666667 0.000384196034067
 7 0.000384 -6.57142857143e-05 0.00033654266881
 8 0.00048 2.5e-06 0.00030130875983
 9 0.001232 0.000139111111111 0.00029718998556
 10 -0.00062 6.32e-05 0.000276996346546
 11 0.00018 7.38181818182e-05 0.000252018293255
 12 0.0007 0.000126 0.00023635730955
 13 -0.00308 -0.000120615384615 0.000322089287824
 14 -0.002512 -0.000291428571429 0.00034138490029
 15 -0.001036 -0.000341066666667 0.000322214441592
 16 -7.6e-05 -0.0003245 0.000302501627062
 17 -3.2e-05 -0.000307294117647 0.000285196317557
 18 -0.000336 -0.000308888888889 0.000269356536506
 19 0.001508 -0.000213263157895 0.000271624321404
 20 -0.001728 -0.000289 0.000268394318122
 1 0.00018 0.00018 0
 2 -0.001436 -0.000628 0.000571342279199
 3 0.000956 -0.0001 0.0005752711438
 4 0.002064 0.000441 0.000636916595796
 5 -0.000248 0.0003032 0.000524228225108
 6 0.000548 0.000344 0.000438441684961
 7 -0.000536 0.000218285714286 0.000393417559462
 8 -0.001856 -4.1e-05 0.00042110197696
 9 0.001004 7.51111111111e-05 0.000389992226717
 10 -0.001528 -8.52e-05 0.000382525523331
 11 0.0008 -4.72727272727e-06 0.000356114502222
 12 0.000776 6.03333333333e-05 0.000332328304319
 13 -0.00022 3.87692307692e-05 0.000307463417824
 14 0.000896 0.0001 0.000291534994574
 15 0.000916 0.0001544 0.000277128334491
 16 0.000844 0.0001975 0.000263138004429
 17 0.000804 0.000233176470588 0.000250066125999
 18 0.000452 0.000245333333333 0.000236468879272
 19 0.001752 0.000324631578947 0.000236946459005
 20 -5.6e-05 0.0003056 0.000225862152651
 1 0.0009 0.0009 0
 2 0.000224 0.000562 0.000239002092041
 3 -0.000156 0.000322666666667 0.000252139878874
 4 0.001112 0.00052 0.000254884287472
 5 0.0023 0.000876 0.000378109825315
 6 0.001792 0.00102866666667 0.000344536295997
 7 -0.000136 0.000862285714286 0.000333076550268
 8 -0.001624 0.0005515 0.000411646351557
 9 0.000944 0.000595111111111 0.00036821077044
 10 -0.00046 0.0004896 0.000346176925863
 11 0.000716 0.000510181818182 0.000315317544738
 12 -0.00098 0.000386 0.000312539241981
 13 0.000788 0.000416923076923 0.000290023513871
 14 0.0019 0.000522857142857 0.000288005223471
 15 0.000748 0.000537866666667 0.00026919570521
 16 0.001052 0.00057 0.000254281586042
 17 -0.001448 0.000451294117647 0.000265590101807
 18 0.00132 0.000499555555556 0.000255182314664
 19 0.000808 0.000515789473684 0.000242267492317
 20 -0.00088 0.000446 0.000239995749962
 1 0.000164 0.000164 0
 2 -0.0015 -0.000668 0.000588312841947
 3 -0.00298 -0.00143866666667 0.000741470810594
 4 0.000244 -0.001018 0.000664808995126
 5 -0.00096 -0.0010064 0.000531948388474
 6 0.000704 -0.000721333333333 0.000514028677684
 7 -0.001524 -0.000836 0.000453205183968
 8 0.000328 -0.0006905 0.000419260621511
 9 -0.000156 -0.000631111111111 0.000376858897013
 10 -0.001072 -0.0006752 0.000341742265457
 11 -0.000596 -0.000668 0.000310750624156
 12 -2.4e-05 -0.000614333333333 0.000289451764676
 13 0.00174 -0.000433230769231 0.000318847446482
 14 0.000992 -0.000331428571429 0.000311901307557
 15 0.001192 -0.000229866666667 0.000307198580244
 16 -0.0014 -0.000303 0.000296576191728
 17 0.000652 -0.000246823529412 0.00028440115237
 18 0.0022 -0.000110888888889 0.000299329589279
 19 0.00052 -7.76842105263e-05 0.000285411158467
 20 0.000696 -3.9e-05 0.000273749648402
 1 0.00082 0.00082 0
 2 -0.000176 0.000322 0.000352139177031
 3 -0.00112 -0.000158666666667 0.000457317136092
 4 0.000156 -8e-05 0.000349688432751
 5 0.000352 6.4e-06 0.000290228268782
 6 0.000188 3.66666666667e-05 0.000243429965592
 7 0.00122 0.000205714285714 0.000260828015451
 8 -0.00092 6.5e-05 0.000263461334924
 9 -0.000344 1.95555555556e-05 0.00023807494987
 10 0.000212 3.88e-05 0.000215043846692
 11 -0.001232 -7.67272727273e-05 0.00022439093288
 12 0.00094 8e-06 0.000221109826909
 13 -0.000924 -6.36923076923e-05 0.000215410750739
 14 0.000676 -1.08571428571e-05 0.000206402194487
 15 0.000388 1.57333333333e-05 0.000194347305768
 16 0.001596 0.0001145 0.000205772287675
 17 0.00038 0.000130117647059 0.000194259803249
 18 0.000932 0.000174666666667 0.000188506541132
 19 0.002528 0.000298526315789 0.000215467942335
 20 -0.001684 0.0001994 0.000226350573227
 1 -3.6e-05 -3.6e-05 0
 2 0.0013 0.000632 0.000472347329833
 3 0.000892 0.000718666666667 0.000322751136785
 4 0.000756 0.000728 0.00024219826589
 5 -0.00088 0.0004064 0.000346819330488
 6 -0.001772 4.33333333333e-05 0.000439747823358
 7 0.001644 0.000272 0.000432310545977
 8 -0.000944 0.00012 0.000404110752146
 9 0.0004 0.000151111111111 0.000360405137069
 10 -0.001804 -4.44e-05 0.0003736502964
 11 0.000844 3.63636363636e-05 0.000348301172819
 12 0.000276 5.63333333333e-05 0.000319848039729
 13 0.000636 0.000100923076923 0.000298336263589
 14 -0.000864 3.2e-05 0.0002848767725
 15 -0.001248 -5.33333333333e-05 0.000278372327275
 16 -0.001156 -0.00012225 0.00026936985929
 17 0.000512 -8.49411764706e-05 0.000256095252481
 18 0.000244 -6.66666666667e-05 0.000242518880517
 19 0.000684 -2.71578947368e-05 0.000232950689243
 20 0.001988 7.36e-05 0.000242114914865
 1 0.000436 0.000436 0
 2 -0.000404 1.6e-05 0.000296984848098
 3 0.00038 0.000137333333333 0.000221392227774
 4 0.001368 0.000445 0.00031395023491
 5 -0.001572 4.16e-05 0.000439621073198
 6 0.000312 8.66666666667e-05 0.000368653606359
 7 -0.000428 1.31428571429e-05 0.000323237413763
 8 -0.0003 -2.6e-05 0.000285192917163
 9 0.001088 9.77777777778e-05 0.000279075801808
 10 -0.000496 3.84e-05 0.000257407505718
 11 -0.000472 -8e-06 0.000238152114734
 12 0.000556 3.9e-05 0.000222895653215
 13 -0.001468 -7.69230769231e-05 0.000233960358285
 14 -0.002504 -0.000250285714286 0.000274052792258
 15 0.00024 -0.0002176 0.0002577244144
 16 6.4e-05 -0.0002 0.000242216844996
 17 -0.000104 -0.000194352941176 0.000228034613732
 18 0.000736 -0.000142666666667 0.000221146060889
 19 0.00078 -9.41052631579e-05 0.000214772415716
 20 0.000112 -8.38e-05 0.000204280880163
 1 -0.000588 -0.000588 0
 2 -0.000912 -0.00075 0.000114551298552
 3 0.000116 -0.000461333333333 0.000247758544346
 4 -0.000612 -0.000499 0.000188660409201
 5 -0.0015 -0.0006992 0.000234186660594
 6 0.000492 -0.000500666666667 0.000266330482532
 7 -0.000296 -0.000471428571429 0.00022988256604
 8 0.001716 -0.000198 0.00032538899797
 9 0.003028 0.000160444444444 0.000444818262546
 10 -0.002048 -6.04e-05 0.000451845442602
 11 0.000448 -1.41818181818e-05 0.000413125595098
 12 0.002788 0.000219333333333 0.000439770099871
 13 -0.000772 0.000143076923077 0.00041250010524
 14 -0.001064 5.68571428571e-05 0.00039194297348
 15 0 5.30666666667e-05 0.000365831770283
 16 0.001964 0.0001725 0.000361938336426
 17 0.001332 0.000240705882353 0.00034701491013
 18 -0.001188 0.000161333333333 0.000336691381564
 19 0.002128 0.000264842105263 0.000334503404727
 20 0.00122 0.0003126 0.00032116939767
 1 -0.001396 -0.001396 0
 2 -0.00194 -0.001668 0.000192333044483
 3 -0.00218 -0.00183866666667 0.000189364629651
 4 -0.000468 -0.001496 0.000328992401128
 5 -0.000668 -0.0013304 0.000302009483295
 6 0.000816 -0.000972666666667 0.000412291608416
 7 0.000572 -0.000752 0.000408196031338
 8 -0.001604 -0.0008585 0.000370804488579
 9 -0.001112 -0.000886666666667 0.000330672042967
 10 -0.000764 -0.0008744 0.000297832274947
 11 -0.000776 -0.000865454545455 0.000270890919575
 12 -0.001448 -0.000914 0.000252629064924
 13 -0.000664 -0.000894769230769 0.000233926862435
 14 -0.000736 -0.000883428571429 0.000217492521905
 15 0.000888 -0.000765333333333 0.000232858081084
 16 0.002316 -0.00057275 0.000287101292828
 17 -0.000968 -0.000596 0.0002711527615
 18 0.001128 -0.000500222222222 0.000272479691797
 19 0.001972 -0.000370105263158 0.000287532456506
 20 -0.0002 -0.0003616 0.000273281598356
 1 0.0004 0.0004 0
 2 0.000284 0.000342 4.10121933088e-05
 3 0.001236 0.00064 0.000244847344732
 4 0.000956 0.000719 0.000195966196065
 5 -0.002052 0.0001648 0.000519892173436
 6 0.001328 0.000358666666667 0.000467995884756
 7 -0.000908 0.000177714285714 0.000434716971697
 8 4e-05 0.0001605 0.000380718030503
 9 -0.000932 3.91111111111e-05 0.000357244199927
 10 0.000708 0.000106 0.000327721955322
 11 0.00038 0.000130909090909 0.000298874181067
 12 -0.000632 6.73333333333e-05 0.000280648389481
 13 7.6e-05 6.8e-05 0.000259060843645
 14 -5.6e-05 5.91428571429e-05 0.000240707860388
 15 0.000964 0.000119466666667 0.00023209649079
 16 -0.002956 -7.275e-05 0.000286327875597
 17 -0.002108 -0.000192470588235 0.000293448628724
 18 -0.00134 -0.000256222222222 0.000283986518933
 19 0.002864 -9.2e-05 0.000312940835876
 20 -0.003712 -0.000273 0.000345697194088
 1 0.001012 0.001012 0
 2 -0.000452 0.00028 0.000517602163829
 3 0.000728 0.000429333333333 0.000365976724619
 4 -0.001392 -2.6e-05 0.000480454992689
 5 0.000488 7.68e-05 0.000395208744843
 6 0.000236 0.000103333333333 0.000330230110568
 7 0.000964 0.000226285714286 0.000305085984152
 8 0.000256 0.00023 0.000266972845061
 9 0.001388 0.000358666666667 0.000266516995034
 10 -0.001248 0.000198 0.000284196692451
 11 -0.002188 -1.89090909091e-05 0.000330941892843
 12 0.00194 0.000144333333333 0.000341257627781
 13 0.001828 0.000273846153846 0.000338692680622
 14 -0.0002 0.00024 0.000316186976458
 15 0.000168 0.0002352 0.000295144276584
 16 0.000244 0.00023575 0.000276698271758
 17 0.001504 0.000310352941176 0.000270292023818
 18 0.000908 0.000343555555556 0.000257307020126
 19 -0.000972 0.000274315789474 0.000252909025859
 20 0.001976 0.0003594 0.00025417305522
 1 0.000332 0.000332 0
 2 0.00096 0.000646 0.000222031529293
 3 6.4e-05 0.000452 0.000216796883946
 4 0.000628 0.000496 0.000167002993985
 5 0.002756 0.000948 0.000425784922232
 6 0.001512 0.001042 0.000365049463924
 7 0.001264 0.00107371428571 0.000314274137078
 8 -0.000664 0.0008565 0.000341911858159
 9 -0.00196 0.000543555555556 0.000423581178866
 10 -0.00292 0.0001972 0.00050328617704
 11 0.000656 0.000238909090909 0.000459257925597
 12 -0.001336 0.000107666666667 0.000439339013199
 13 0.000944 0.000172 0.000410226896374
 14 -0.000396 0.000131428571429 0.000382925976146
 15 0.00142 0.000217333333333 0.000366906911193
 16 0.000776 0.00025225 0.000345632657013
 17 0.00096 0.000293882352941 0.000327799097498
 18 0.000408 0.000300222222222 0.000309649339263
 19 -0.000812 0.000241684210526 0.000298833976388
 20 0.000204 0.0002398 0.000283898217677
 1 0.000228 0.000228 0
 2 -9.2e-05 6.8e-05 0.00011313708499
 3 0.000832 0.000322666666667 0.000221191386879
 4 0.000416 0.000346 0.000167119717568
 5 0.0008 0.0004368 0.000156429766988
 6 0.00044 0.000437333333333 0.00013035904833
 7 -0.00084 0.000254857142857 0.000202548198202
 8 0.00116 0.000368 0.000206425531367
 9 0.000508 0.000383555555556 0.000184074536105
 10 -0.000572 0.000288 0.000188847451664
 11 0.000632 0.000319272727273 0.000174249611542
 12 0.001932 0.000453666666667 0.000205109433302
 13 0.000428 0.000451692307692 0.000189341286821
 14 -0.000572 0.000378571428571 0.000189410517193
 15 0.000216 0.000367733333333 0.000177092956549
 16 0.000832 0.00039675 0.000168385056771
 17 0.001304 0.000450117647059 0.000166722816242
 18 0.001112 0.000486888888889 0.000161464533599
 19 -0.000708 0.000424 0.000164759137553
 20 -0.00078 0.0003638 0.000167157763804
 1 0.00176 0.00176 0
 2 -9.6e-05 0.000832 0.000656195092941
 3 -0.000604 0.000353333333333 0.000586619189998
 4 0.000332 0.000348 0.000439988636217
 5 -0.000264 0.0002256 0.000368623124614
 6 0.000732 0.00031 0.000316700699926
 7 -0.00174 1.71428571429e-05 0.000383669683003
 8 0.001228 0.0001685 0.000364344917283
 9 -0.000572 8.62222222222e-05 0.000333022735952
 10 -0.000128 6.48e-05 0.000300408681632
 11 -0.002796 -0.000195272727273 0.000368879229288
 12 0.000284 -0.000155333333333 0.000340294589154
 13 0.00094 -7.10769230769e-05 0.00032438129477
 14 -0.0026 -0.000251714285714 0.000347889840478
 15 0.000516 -0.000200533333333 0.000328440434196
 16 -0.0003 -0.00020675 0.000307971735462
 17 0.000684 -0.000154352941176 0.000294279307821
 18 -0.002016 -0.000257777777778 0.000295546569992
 19 0.000532 -0.000216210526316 0.000282899506241
 20 0.00056 -0.0001774 0.000271403651412
 1 -0.000856 -0.000856 0
 2 -0.001624 -0.00124 0.000271529003976
 3 0.000176 -0.000768 0.000425782417047
 4 -0.00262 -0.001231 0.000512594137696
 5 0.000756 -0.0008336 0.000542681460896
 6 -0.001552 -0.000953333333333 0.000465255644581
 7 -0.001432 -0.00102171428571 0.000403784429974
 8 0.000368 -0.000848 0.000388887515871
 9 -0.001264 -0.000894222222222 0.000348413893848
 10 7.6e-05 -0.0007972 0.000326802227655
 11 -0.002392 -0.000942181818182 0.000327678279485
 12 0.001556 -0.000734 0.000360487478593
 13 -0.000752 -0.000735384615385 0.000332760331658
 14 0.000556 -0.000643142857143 0.000321522444342
 15 0.00012 -0.000592266666667 0.000304086178818
 16 -0.000292 -0.0005735 0.000285659297722
 17 0.001484 -0.000452470588235 0.000293376738766
 18 -0.001424 -0.000506444444444 0.000281999236299
 19 0.001004 -0.000426947368421 0.000278136870925
 20 7.6e-05 -0.0004018 0.000265364424895
 1 -0.00304 -0.00304 0
 2 0.000496 -0.001272 0.00125016478914
 3 0.00044 -0.000701333333333 0.000954847903343
 4 -0.001364 -0.000867 0.000730366175285
 5 -9.2e-05 -0.000712 0.000600514978997
 6 0.000908 -0.000442 0.000557834503534
 7 -0.001032 -0.000526285714286 0.000484469569579
 8 -0.000932 -0.000577 0.00042655700088
 9 -0.001908 -0.000724888888889 0.000403985956376
 10 -0.000592 -0.0007116 0.000363805860316
 11 0.00038 -0.000612363636364 0.00034400094351
 12 -0.000488 -0.000602 0.000315490271024
 13 -0.000164 -0.000568307692308 0.000293015325338
 14 0.00206 -0.000380571428571 0.000326738454261
 15 0.00064 -0.000312533333333 0.000311959397168
 16 0.000364 -0.00027025 0.000295313597882
 17 0.000288 -0.000237411764706 0.000279762022681
 18 0.000656 -0.000187777777778 0.00026858650991
 19 -4.8e-05 -0.000180421052632 0.000254551110148
 20 0.002092 -6.68e-05 0.000265975352242
 1 -0.001712 -0.001712 0
 2 -0.0015 -0.001606 7.49533188058e-05
 3 0.00072 -0.000830666666667 0.000635026042044
 4 0.001476 -0.000254 0.000690102166349
 5 -0.001536 -0.0005104 0.000597818541031
 6 9.6e-05 -0.000409333333333 0.000506653216196
 7 0.000396 -0.000294285714286 0.00044714558257
 8 0.001304 -9.45e-05 0.000433593667793
 9 -0.000292 -0.000116444444444 0.000385971505093
 10 0.001296 2.48e-05 0.000372322354956
 11 -7.2e-05 1.6e-05 0.000338578848075
 12 -0.001176 -8.33333333333e-05 0.000324608425075
 13 -7.2e-05 -8.24615384615e-05 0.000299639716902
 14 -6e-05 -8.08571428571e-05 0.000278241175248
 15 3.2e-05 -7.33333333333e-05 0.000259793467828
 16 -0.000204 -8.15e-05 0.000243684702792
 17 -0.000212 -8.91764705882e-05 0.000229471187407
 18 0.0009 -3.42222222222e-05 0.000223206093598
 19 -0.000908 -8.02105263158e-05 0.000216144093455
 20 -0.00136 -0.0001442 0.00021459999534
 1 -0.000596 -0.000596 0
 2 -5.6e-05 -0.000326 0.00019091883092
 3 -0.001336 -0.000662666666667 0.000302924021766
 4 0.000844 -0.000286 0.000397523584206
 5 -0.001084 -0.0004456 0.000348588192571
 6 0.001536 -0.000115333333333 0.000418666047416
 7 0.000396 -4.22857142857e-05 0.000365173579877
 8 -0.000768 -0.000133 0.000330602291281
 9 0.001288 2.48888888889e-05 0.000329420457978
 10 -0.000972 -7.48e-05 0.000311196940859
 11 0.00098 2.10909090909e-05 0.000297313187531
 12 0.001048 0.000106666666667 0.000284586379518
 13 0.002284 0.000274153846154 0.000308063042925
 14 0.002368 0.000423714285714 0.000320312465886
 15 -0.000256 0.0003784 0.000302146583999
 16 -0.002036 0.0002275 0.000318724386226
 17 -0.002256 8.14117647059e-05 0.000331770870394
 18 -0.00098 2.24444444444e-05 0.000318536334558
 19 -0.000672 -1.41052631579e-05 0.000303860934575
 20 8e-06 -1.3e-05 0.00028866989798
 1 0.001488 0.001488 0
 2 -0.00096 0.000264 0.000865498700172
 3 0.000996 0.000508 0.000610424988567
 4 0.00044 0.000491 0.000458055400579
 5 0.000536 0.0005 0.000366532727052
 6 -0.001712 0.000131333333333 0.000454487175388
 7 0.001268 0.000293714285714 0.000417562104108
 8 -0.000216 0.00023 0.000370195894089
 9 -0.001816 2.66666666667e-06 0.000392709360692
 10 0.000448 4.72e-05 0.000355954513948
 11 -0.00064 -1.52727272727e-05 0.000329031563984
 12 -0.000224 -3.26666666667e-05 0.000302071674105
 13 -6.4e-05 -3.50769230769e-05 0.000278845007139
 14 -0.000276 -5.22857142857e-05 0.000259457979543
 15 -0.000508 -8.26666666667e-05 0.000243933008411
 16 0.001316 4.75e-06 0.000243848113267
 17 0.000968 6.14117647059e-05 0.000235995411644
 18 0.000148 6.62222222222e-05 0.00022293357749
 19 -0.000168 5.38947368421e-05 0.000211540791201
 20 -0.001432 -2.04e-05 0.000213612153212
 1 0.000508 0.000508 0
 2 9.6e-05 0.000302 0.000145663996924
 3 0.000592 0.000398666666667 0.000125139329756
 4 0.002244 0.00086 0.000410402241709
 5 -0.001196 0.0004488 0.0004930147584
 6 -0.000168 0.000346 0.000421426941078
 7 0.000644 0.000388571428571 0.000363366956656
 8 0.00112 0.00048 0.000329247627174
 9 1.2e-05 0.000428 0.000296742478869
 10 0.000512 0.0004364 0.000267187095497
 11 -0.001116 0.000295272727273 0.000277678602815
 12 0.000752 0.000333333333333 0.000257133918128
 13 0.000852 0.000373230769231 0.000240429747243
 14 -0.000952 0.000278571428571 0.000241171496994
 15 0.001712 0.000374133333333 0.000243290587417
 16 0.000736 0.00039675 0.000229133754265
 17 -0.001352 0.000293882352941 0.00023762681746
 18 0.001036 0.000335111111111 0.000227973911342
 19 -0.000812 0.000274736842105 0.000223827011286
 20 -0.000964 0.0002128 0.000221039109662
 1 0.002104 0.002104 0
 2 0.00126 0.001682 0.000298399061661
 3 0.00392 0.002428 0.000640768982465
 4 0.001236 0.00213 0.000545487855044
 5 0.000304 0.0017648 0.00054509935975
 6 -0.0007 0.001354 0.000589044235275
 7 -0.000296 0.00111828571429 0.000550039023264
 8 0.000744 0.0010715 0.000483269819821
 9 -0.000988 0.000842666666667 0.000480707297815
 10 -0.003096 0.0004488 0.000571657463872
 11 -0.000908 0.000325454545455 0.000532829471482
 12 1.6e-05 0.000299666666667 0.000489050658211
 13 0.000692 0.000329846153846 0.000452361611728
 14 0.000128 0.000315428571429 0.000420279762441
 15 7.6e-05 0.000299466666667 0.000392564105074
 16 0.000148 0.00029 0.000368142974943
 17 0.000424 0.000297882352941 0.000346571880553
 18 0.00238 0.000413555555556 0.00034608371768
 19 -0.001324 0.000322105263158 0.000339736559947
 20 0.00054 0.000333 0.000322924371951
 1 -0.001564 -0.001564 0
 2 0.000124 -0.00072 0.000596798123321
 3 -0.000232 -0.000557333333333 0.000419448668117
 4 -0.002408 -0.00102 0.000509421240232
 5 0.000356 -0.0007448 0.000476103383731
 6 0.000108 -0.000602666666667 0.000417429878786
 7 0.0023 -0.000188 0.000524788626059
 8 0.001772 5.7e-05 0.000513203054356
 9 0.001336 0.000199111111111 0.00047544953243
 10 -6.8e-05 0.0001724 0.000428654247617
 11 -0.001312 3.74545454545e-05 0.000410377539613
 12 0.000936 0.000112333333333 0.000382949796052
 13 0.000988 0.000179692307692 0.000359367349832
 14 8e-06 0.000167428571429 0.0003339074434
 15 0.001188 0.000235466666667 0.000318503359364
 16 0.000328 0.00024125 0.000298649401211
 17 0.001168 0.000295764705882 0.000286014004175
 18 -0.000516 0.000250666666667 0.000273656719267
 1 0.003048 0.003048 0
 2 -0.001392 0.000828 0.00156977705423
 3 0.000344 0.000666666666667 0.00105477594602
 4 -0.001492 0.000127 0.000918825745177
 5 -0.00028 4.56e-05 0.00073865746324
 6 0.001536 0.000294 0.000655986280344
 7 0.00018 0.000277714285714 0.000562476075293
 8 0.000572 0.0003145 0.000493367985129
 9 -0.00052 0.000221777777778 0.000447177424334
 10 -0.000552 0.0001444 0.000409099479345
 11 -0.001572 -1.16363636364e-05 0.00040056206941
 12 0.00062 4.1e-05 0.000370624135749
 13 -0.00032 1.32307692308e-05 0.000343153322881
 14 -0.00206 -0.000134857142857 0.000349136878268
 15 -0.000244 -0.000142133333333 0.000325936897324
 16 -0.000616 -0.00017175 0.000306908469407
 17 -0.00092 -0.000215764705882 0.000291994116751
 18 -0.00174 -0.000300444444444 0.000287789169897
 19 0.001144 -0.000224421052632 0.000282505277236
 20 -0.000656 -0.000246 0.000269202897458
 1 0.003048 0.003048 0
 2 -0.001392 0.000828 0.00156977705423
 3 0.000344 0.000666666666667 0.00105477594602
 4 -0.001492 0.000127 0.000918825745177
 5 -0.00028 4.56e-05 0.00073865746324
 6 0.001536 0.000294 0.000655986280344
 7 0.00018 0.000277714285714 0.000562476075293
 8 0.000572 0.0003145 0.000493367985129
 9 -0.00052 0.000221777777778 0.000447177424334
 10 -0.000552 0.0001444 0.000409099479345
 11 -0.001572 -1.16363636364e-05 0.00040056206941
 12 0.00062 4.1e-05 0.000370624135749
 13 -0.00032 1.32307692308e-05 0.000343153322881
 14 -0.00206 -0.000134857142857 0.000349136878268
 15 -0.000244 -0.000142133333333 0.000325936897324
 16 -0.000616 -0.00017175 0.000306908469407
 17 -0.00092 -0.000215764705882 0.000291994116751
 18 -0.00174 -0.000300444444444 0.000287789169897
 19 0.001144 -0.000224421052632 0.000282505277236
 20 -0.000656 -0.000246 0.000269202897458
 1 0.00058 0.00058 0
 2 8e-06 0.000294 0.000202232539419
 3 0.00082 0.000469333333333 0.000196650470143
 4 -0.001412 -1e-06 0.000433200588642
 5 0.000864 0.000172 0.000379535716369
 6 0.001776 0.000439333333333 0.000399485687872
 7 0.00088 0.000502285714286 0.000347341020118
 8 0.00022 0.000467 0.000305710443067
 9 0.001004 0.000526666666667 0.000277504220855
 10 -0.000312 0.0004428 0.000262120613459
 11 -0.00012 0.000391636363636 0.000243233563661
 12 0.001308 0.000468 0.000234645358881
 13 -0.002048 0.000274461538462 0.000285463696598
 14 -0.000212 0.000239714285714 0.000267179818462
 15 -0.000564 0.000186133333333 0.000254683801634
 16 -0.001428 8.525e-05 0.000257974010016
 17 -0.000448 5.38823529412e-05 0.000244698669045
 18 -0.001568 -3.62222222222e-05 0.000247137582959
 19 0.00288 0.000117263157895 0.000277731699005
 20 -0.000608 8.1e-05 0.00026620200976
 1 -0.000772 -0.000772 0
 2 -0.002876 -0.001824 0.000743876333808
 3 0.000396 -0.001084 0.000781665458421
 4 -0.00062 -0.000968 0.000594794082015
 5 0.000712 -0.000632 0.000562793034783
 6 0.000152 -0.000501333333333 0.00048392530798
 7 -0.000536 -0.000506285714286 0.000414818461119
 8 -0.000796 -0.0005425 0.000364543507349
 9 0.000564 -0.000419555555556 0.000344146649444
 10 0.000764 -0.0003012 0.000329455817979
 11 -0.00136 -0.000397454545455 0.000313250839832
 12 0.00036 -0.000334333333333 0.000293437276407
 13 0.000236 -0.000290461538462 0.000274125195243
 14 -0.000744 -0.000322857142857 0.000256451906164
 15 -0.001096 -0.0003744 0.000244479906923
 16 -0.000988 -0.00041275 0.000232188290712
 17 0.000292 -0.000371294117647 0.000222200192861
 18 -0.00126 -0.000420666666667 0.000215271118177
 19 -0.000948 -0.000448421052632 0.000205722432421
 20 0.000108 -0.0004206 0.000197308545177
 1 0.003048 0.003048 0
 2 -0.001392 0.000828 0.00156977705423
 3 0.000344 0.000666666666667 0.00105477594602
 4 -0.001492 0.000127 0.000918825745177
 5 -0.00028 4.56e-05 0.00073865746324
 6 0.001536 0.000294 0.000655986280344
 7 0.00018 0.000277714285714 0.000562476075293
 8 0.000572 0.0003145 0.000493367985129
 9 -0.00052 0.000221777777778 0.000447177424334
 10 -0.000552 0.0001444 0.000409099479345
 11 -0.001572 -1.16363636364e-05 0.00040056206941
 12 0.00062 4.1e-05 0.000370624135749
 13 -0.00032 1.32307692308e-05 0.000343153322881
 14 -0.00206 -0.000134857142857 0.000349136878268
 15 -0.000244 -0.000142133333333 0.000325936897324
 16 -0.000616 -0.00017175 0.000306908469407
 17 -0.00092 -0.000215764705882 0.000291994116751
 18 -0.00174 -0.000300444444444 0.000287789169897
 19 0.001144 -0.000224421052632 0.000282505277236
 20 -0.000656 -0.000246 0.000269202897458
 1 0.00058 0.00058 0
 2 8e-06 0.000294 0.000202232539419
 3 0.00082 0.000469333333333 0.000196650470143
 4 -0.001412 -1e-06 0.000433200588642
 5 0.000864 0.000172 0.000379535716369
 6 0.001776 0.000439333333333 0.000399485687872
 7 0.00088 0.000502285714286 0.000347341020118
 8 0.00022 0.000467 0.000305710443067
 9 0.001004 0.000526666666667 0.000277504220855
 10 -0.000312 0.0004428 0.000262120613459
 11 -0.00012 0.000391636363636 0.000243233563661
 12 0.001308 0.000468 0.000234645358881
 13 -0.002048 0.000274461538462 0.000285463696598
 14 -0.000212 0.000239714285714 0.000267179818462
 15 -0.000564 0.000186133333333 0.000254683801634
 16 -0.001428 8.525e-05 0.000257974010016
 17 -0.000448 5.38823529412e-05 0.000244698669045
 18 -0.001568 -3.62222222222e-05 0.000247137582959
 19 0.00288 0.000117263157895 0.000277731699005
 20 -0.000608 8.1e-05 0.00026620200976
 1 0.003116 0.003116 0
 2 0.001088 0.002102 0.000717006276123
 3 -0.00802 -0.001272 0.00279602193601
 4 0.009624 0.001452 0.0031563602456
 5 0.00354 0.0018696 0.00255256384994
 6 0.006532 0.00264666666667 0.00224229875434
 7 -0.00086 0.00214571428571 0.00197713754865
 8 -0.000296 0.0018405 0.00175339534012
 9 -0.00624 0.000942666666667 0.0017736091125
 10 0.01708 0.0025564 0.00221172558515
 11 0.001836 0.00249090909091 0.00201162900747
 12 -0.007708 0.001641 0.0020155547968
 13 -0.006348 0.00102646153846 0.00195195089367
 14 0.002364 0.001122 0.00181486239429
 15 0.007168 0.00152506666667 0.00173805430798
 16 -0.002808 0.00125425 0.00165038983913
 17 -0.004216 0.000932470588235 0.00158436652578
 18 0.004208 0.00111444444444 0.00150676030974
 19 0.004516 0.00129347368421 0.0014380536927
 20 -0.002868 0.0010854 0.00138112218938
 1 -0.006596 -0.006596 0
 2 0.001128 -0.002734 0.00273084638894
 3 0.0035 -0.000656 0.00248860942876
 4 0.00986 0.001973 0.00294404360532
 5 0.003076 0.0021936 0.00236348531792
 6 0.002636 0.00226733333333 0.00197072088709
 7 0.000272 0.00198228571429 0.0017096798807
 8 0.003492 0.002171 0.00150634902164
 9 -0.000556 0.001868 0.00136911181446
 10 -0.00538 0.0011432 0.00141107049292
 11 -0.000172 0.00102363636364 0.00128784686267
 12 0.002872 0.00117766666667 0.00118970187286
 13 -0.0054 0.000671692307692 0.00120097053152
 14 0.005188 0.000994285714286 0.00115770249002
 15 -0.003764 0.000677066666667 0.0011231419717
 16 0.000956 0.0006945 0.00105308088928
 17 0.006232 0.00102023529412 0.00104029351571
 18 0.00236 0.00109466666667 0.000985158557145
 19 0.003892 0.00124189473684 0.000944245349046
 20 -0.000488 0.0011554 0.000900985916649
 1 0.003116 0.003116 0
 2 0.001088 0.002102 0.000717006276123
 3 -0.00802 -0.001272 0.00279602193601
 4 0.009624 0.001452 0.0031563602456
 5 0.00354 0.0018696 0.00255256384994
 6 0.006532 0.00264666666667 0.00224229875434
 7 -0.00086 0.00214571428571 0.00197713754865
 8 -0.000296 0.0018405 0.00175339534012
 9 -0.00624 0.000942666666667 0.0017736091125
 10 0.01708 0.0025564 0.00221172558515
 11 0.001836 0.00249090909091 0.00201162900747
 12 -0.007708 0.001641 0.0020155547968
 13 -0.006348 0.00102646153846 0.00195195089367
 14 0.002364 0.001122 0.00181486239429
 15 0.007168 0.00152506666667 0.00173805430798
 16 -0.002808 0.00125425 0.00165038983913
 17 -0.004216 0.000932470588235 0.00158436652578
 18 0.004208 0.00111444444444 0.00150676030974
 19 0.004516 0.00129347368421 0.0014380536927
 20 -0.002868 0.0010854 0.00138112218938
 1 -0.006596 -0.006596 0
 2 0.001128 -0.002734 0.00273084638894
 3 0.0035 -0.000656 0.00248860942876
 4 0.00986 0.001973 0.00294404360532
 5 0.003076 0.0021936 0.00236348531792
 6 0.002636 0.00226733333333 0.00197072088709
 7 0.000272 0.00198228571429 0.0017096798807
 8 0.003492 0.002171 0.00150634902164
 9 -0.000556 0.001868 0.00136911181446
 10 -0.00538 0.0011432 0.00141107049292
 11 -0.000172 0.00102363636364 0.00128784686267
 12 0.002872 0.00117766666667 0.00118970187286
 13 -0.0054 0.000671692307692 0.00120097053152
 14 0.005188 0.000994285714286 0.00115770249002
 15 -0.003764 0.000677066666667 0.0011231419717
 16 0.000956 0.0006945 0.00105308088928
 17 0.006232 0.00102023529412 0.00104029351571
 18 0.00236 0.00109466666667 0.000985158557145
 19 0.003892 0.00124189473684 0.000944245349046
 20 -0.000488 0.0011554 0.000900985916649
 1 0.003116 0.003116 0
 2 0.001088 0.002102 0.000717006276123
 3 -0.00802 -0.001272 0.00279602193601
 4 0.009624 0.001452 0.0031563602456
 5 0.00354 0.0018696 0.00255256384994
 6 0.006532 0.00264666666667 0.00224229875434
 7 -0.00086 0.00214571428571 0.00197713754865
 8 -0.000296 0.0018405 0.00175339534012
 9 -0.00624 0.000942666666667 0.0017736091125
 10 0.01708 0.0025564 0.00221172558515
 11 0.001836 0.00249090909091 0.00201162900747
 12 -0.007708 0.001641 0.0020155547968
 13 -0.006348 0.00102646153846 0.00195195089367
 14 0.002364 0.001122 0.00181486239429
 15 0.007168 0.00152506666667 0.00173805430798
 16 -0.002808 0.00125425 0.00165038983913
 17 -0.004216 0.000932470588235 0.00158436652578
 18 0.004208 0.00111444444444 0.00150676030974
 19 0.004516 0.00129347368421 0.0014380536927
 20 -0.002868 0.0010854 0.00138112218938
 1 -0.006596 -0.006596 0
 2 0.001128 -0.002734 0.00273084638894
 3 0.0035 -0.000656 0.00248860942876
 4 0.00986 0.001973 0.00294404360532
 5 0.003076 0.0021936 0.00236348531792
 6 0.002636 0.00226733333333 0.00197072088709
 7 0.000272 0.00198228571429 0.0017096798807
 8 0.003492 0.002171 0.00150634902164
 9 -0.000556 0.001868 0.00136911181446
 10 -0.00538 0.0011432 0.00141107049292
 11 -0.000172 0.00102363636364 0.00128784686267
 12 0.002872 0.00117766666667 0.00118970187286
 13 -0.0054 0.000671692307692 0.00120097053152
 14 0.005188 0.000994285714286 0.00115770249002
 15 -0.003764 0.000677066666667 0.0011231419717
 16 0.000956 0.0006945 0.00105308088928
 17 0.006232 0.00102023529412 0.00104029351571
 18 0.00236 0.00109466666667 0.000985158557145
 19 0.003892 0.00124189473684 0.000944245349046
 20 -0.000488 0.0011554 0.000900985916649
 1 0.003116 0.003116 0
 2 0.001088 0.002102 0.000717006276123
 3 -0.00802 -0.001272 0.00279602193601
 4 0.009624 0.001452 0.0031563602456
 5 0.00354 0.0018696 0.00255256384994
 6 0.006532 0.00264666666667 0.00224229875434
 7 -0.00086 0.00214571428571 0.00197713754865
 8 -0.000296 0.0018405 0.00175339534012
 9 -0.00624 0.000942666666667 0.0017736091125
 10 0.01708 0.0025564 0.00221172558515
 11 0.001836 0.00249090909091 0.00201162900747
 12 -0.007708 0.001641 0.0020155547968
 13 -0.006348 0.00102646153846 0.00195195089367
 14 0.002364 0.001122 0.00181486239429
 15 0.007168 0.00152506666667 0.00173805430798
 16 -0.002808 0.00125425 0.00165038983913
 17 -0.004216 0.000932470588235 0.00158436652578
 18 0.004208 0.00111444444444 0.00150676030974
 19 0.004516 0.00129347368421 0.0014380536927
 20 -0.002868 0.0010854 0.00138112218938
 1 -0.006596 -0.006596 0
 2 0.001128 -0.002734 0.00273084638894
 3 0.0035 -0.000656 0.00248860942876
 4 0.00986 0.001973 0.00294404360532
 5 0.003076 0.0021936 0.00236348531792
 6 0.002636 0.00226733333333 0.00197072088709
 7 0.000272 0.00198228571429 0.0017096798807
 8 0.003492 0.002171 0.00150634902164
 9 -0.000556 0.001868 0.00136911181446
 10 -0.00538 0.0011432 0.00141107049292
 11 -0.000172 0.00102363636364 0.00128784686267
 12 0.002872 0.00117766666667 0.00118970187286
 13 -0.0054 0.000671692307692 0.00120097053152
 14 0.005188 0.000994285714286 0.00115770249002
 15 -0.003764 0.000677066666667 0.0011231419717
 16 0.000956 0.0006945 0.00105308088928
 17 0.006232 0.00102023529412 0.00104029351571
 18 0.00236 0.00109466666667 0.000985158557145
 19 0.003892 0.00124189473684 0.000944245349046
 20 -0.000488 0.0011554 0.000900985916649
 1 0.003116 0.003116 0
 2 0.001088 0.002102 0.000717006276123
 3 -0.00802 -0.001272 0.00279602193601
 4 0.009624 0.001452 0.0031563602456
 5 0.00354 0.0018696 0.00255256384994
 6 0.006532 0.00264666666667 0.00224229875434
 7 -0.00086 0.00214571428571 0.00197713754865
 8 -0.000296 0.0018405 0.00175339534012
 9 -0.00624 0.000942666666667 0.0017736091125
 10 0.01708 0.0025564 0.00221172558515
 11 0.001836 0.00249090909091 0.00201162900747
 12 -0.007708 0.001641 0.0020155547968
 13 -0.006348 0.00102646153846 0.00195195089367
 14 0.002364 0.001122 0.00181486239429
 15 0.007168 0.00152506666667 0.00173805430798
 16 -0.002808 0.00125425 0.00165038983913
 17 -0.004216 0.000932470588235 0.00158436652578
 18 0.004208 0.00111444444444 0.00150676030974
 19 0.004516 0.00129347368421 0.0014380536927
 20 -0.002868 0.0010854 0.00138112218938
 1 -0.006596 -0.006596 0
 2 0.001128 -0.002734 0.00273084638894
 3 0.0035 -0.000656 0.00248860942876
 4 0.00986 0.001973 0.00294404360532
 5 0.003076 0.0021936 0.00236348531792
 6 0.002636 0.00226733333333 0.00197072088709
 7 0.000272 0.00198228571429 0.0017096798807
 8 0.003492 0.002171 0.00150634902164
 9 -0.000556 0.001868 0.00136911181446
 10 -0.00538 0.0011432 0.00141107049292
 11 -0.000172 0.00102363636364 0.00128784686267
 12 0.002872 0.00117766666667 0.00118970187286
 13 -0.0054 0.000671692307692 0.00120097053152
 14 0.005188 0.000994285714286 0.00115770249002
 15 -0.003764 0.000677066666667 0.0011231419717
 16 0.000956 0.0006945 0.00105308088928
 17 0.006232 0.00102023529412 0.00104029351571
 18 0.00236 0.00109466666667 0.000985158557145
 19 0.003892 0.00124189473684 0.000944245349046
 20 -0.000488 0.0011554 0.000900985916649
 1 0.003116 0.003116 0
 2 0.001088 0.002102 0.000717006276123
 3 -0.00802 -0.001272 0.00279602193601
 4 0.009624 0.001452 0.0031563602456
 5 0.00354 0.0018696 0.00255256384994
 6 0.006532 0.00264666666667 0.00224229875434
 7 -0.00086 0.00214571428571 0.00197713754865
 8 -0.000296 0.0018405 0.00175339534012
 9 -0.00624 0.000942666666667 0.0017736091125
 10 0.01708 0.0025564 0.00221172558515
 11 0.001836 0.00249090909091 0.00201162900747
 12 -0.007708 0.001641 0.0020155547968
 13 -0.006348 0.00102646153846 0.00195195089367
 14 0.002364 0.001122 0.00181486239429
 15 0.007168 0.00152506666667 0.00173805430798
 16 -0.002808 0.00125425 0.00165038983913
 17 -0.004216 0.000932470588235 0.00158436652578
 18 0.004208 0.00111444444444 0.00150676030974
 19 0.004516 0.00129347368421 0.0014380536927
 20 -0.002868 0.0010854 0.00138112218938
 1 -0.006596 -0.006596 0
 2 0.001128 -0.002734 0.00273084638894
 3 0.0035 -0.000656 0.00248860942876
 4 0.00986 0.001973 0.00294404360532
 5 0.003076 0.0021936 0.00236348531792
 6 0.002636 0.00226733333333 0.00197072088709
 7 0.000272 0.00198228571429 0.0017096798807
 8 0.003492 0.002171 0.00150634902164
 9 -0.000556 0.001868 0.00136911181446
 10 -0.00538 0.0011432 0.00141107049292
 11 -0.000172 0.00102363636364 0.00128784686267
 12 0.002872 0.00117766666667 0.00118970187286
 13 -0.0054 0.000671692307692 0.00120097053152
 14 0.005188 0.000994285714286 0.00115770249002
 15 -0.003764 0.000677066666667 0.0011231419717
 16 0.000956 0.0006945 0.00105308088928
 17 0.006232 0.00102023529412 0.00104029351571
 18 0.00236 0.00109466666667 0.000985158557145
 19 0.003892 0.00124189473684 0.000944245349046
 20 -0.000488 0.0011554 0.000900985916649
 1 0.003116 0.003116 0
 2 0.001088 0.002102 0.000717006276123
 3 -0.00802 -0.001272 0.00279602193601
 4 0.009624 0.001452 0.0031563602456
 5 0.00354 0.0018696 0.00255256384994
 6 0.006532 0.00264666666667 0.00224229875434
 7 -0.00086 0.00214571428571 0.00197713754865
 8 -0.000296 0.0018405 0.00175339534012
 9 -0.00624 0.000942666666667 0.0017736091125
 10 0.01708 0.0025564 0.00221172558515
 11 0.001836 0.00249090909091 0.00201162900747
 12 -0.007708 0.001641 0.0020155547968
 13 -0.006348 0.00102646153846 0.00195195089367
 14 0.002364 0.001122 0.00181486239429
 15 0.007168 0.00152506666667 0.00173805430798
 16 -0.002808 0.00125425 0.00165038983913
 17 -0.004216 0.000932470588235 0.00158436652578
 18 0.004208 0.00111444444444 0.00150676030974
 19 0.004516 0.00129347368421 0.0014380536927
 20 -0.002868 0.0010854 0.00138112218938
 1 -0.006596 -0.006596 0
 2 0.001128 -0.002734 0.00273084638894
 3 0.0035 -0.000656 0.00248860942876
 4 0.00986 0.001973 0.00294404360532
 5 0.003076 0.0021936 0.00236348531792
 6 0.002636 0.00226733333333 0.00197072088709
 7 0.000272 0.00198228571429 0.0017096798807
 8 0.003492 0.002171 0.00150634902164
 9 -0.000556 0.001868 0.00136911181446
 10 -0.00538 0.0011432 0.00141107049292
 11 -0.000172 0.00102363636364 0.00128784686267
 12 0.002872 0.00117766666667 0.00118970187286
 13 -0.0054 0.000671692307692 0.00120097053152
 14 0.005188 0.000994285714286 0.00115770249002
 15 -0.003764 0.000677066666667 0.0011231419717
 16 0.000956 0.0006945 0.00105308088928
 17 0.006232 0.00102023529412 0.00104029351571
 18 0.00236 0.00109466666667 0.000985158557145
 19 0.003892 0.00124189473684 0.000944245349046
 20 -0.000488 0.0011554 0.000900985916649
 1 0.003116 0.003116 0
 2 0.001088 0.002102 0.000717006276123
 3 -0.00802 -0.001272 0.00279602193601
 4 0.009624 0.001452 0.0031563602456
 5 0.00354 0.0018696 0.00255256384994
 6 0.006532 0.00264666666667 0.00224229875434
 7 -0.00086 0.00214571428571 0.00197713754865
 8 -0.000296 0.0018405 0.00175339534012
 9 -0.00624 0.000942666666667 0.0017736091125
 10 0.01708 0.0025564 0.00221172558515
 11 0.001836 0.00249090909091 0.00201162900747
 12 -0.007708 0.001641 0.0020155547968
 13 -0.006348 0.00102646153846 0.00195195089367
 14 0.002364 0.001122 0.00181486239429
 15 0.007168 0.00152506666667 0.00173805430798
 16 -0.002808 0.00125425 0.00165038983913
 17 -0.004216 0.000932470588235 0.00158436652578
 18 0.004208 0.00111444444444 0.00150676030974
 19 0.004516 0.00129347368421 0.0014380536927
 20 -0.002868 0.0010854 0.00138112218938
 1 -0.006596 -0.006596 0
 2 0.001128 -0.002734 0.00273084638894
 3 0.0035 -0.000656 0.00248860942876
 4 0.00986 0.001973 0.00294404360532
 5 0.003076 0.0021936 0.00236348531792
 6 0.002636 0.00226733333333 0.00197072088709
 7 0.000272 0.00198228571429 0.0017096798807
 8 0.003492 0.002171 0.00150634902164
 9 -0.000556 0.001868 0.00136911181446
 10 -0.00538 0.0011432 0.00141107049292
 11 -0.000172 0.00102363636364 0.00128784686267
 12 0.002872 0.00117766666667 0.00118970187286
 13 -0.0054 0.000671692307692 0.00120097053152
 14 0.005188 0.000994285714286 0.00115770249002
 15 -0.003764 0.000677066666667 0.0011231419717
 16 0.000956 0.0006945 0.00105308088928
 17 0.006232 0.00102023529412 0.00104029351571
 18 0.00236 0.00109466666667 0.000985158557145
 19 0.003892 0.00124189473684 0.000944245349046
 20 -0.000488 0.0011554 0.000900985916649
 1 0.003116 0.003116 0
 2 0.001088 0.002102 0.000717006276123
 3 -0.00802 -0.001272 0.00279602193601
 4 0.009624 0.001452 0.0031563602456
 5 0.00354 0.0018696 0.00255256384994
 6 0.006532 0.00264666666667 0.00224229875434
 7 -0.00086 0.00214571428571 0.00197713754865
 8 -0.000296 0.0018405 0.00175339534012
 9 -0.00624 0.000942666666667 0.0017736091125
 10 0.01708 0.0025564 0.00221172558515
 11 0.001836 0.00249090909091 0.00201162900747
 12 -0.007708 0.001641 0.0020155547968
 13 -0.006348 0.00102646153846 0.00195195089367
 14 0.002364 0.001122 0.00181486239429
 15 0.007168 0.00152506666667 0.00173805430798
 16 -0.002808 0.00125425 0.00165038983913
 17 -0.004216 0.000932470588235 0.00158436652578
 18 0.004208 0.00111444444444 0.00150676030974
 19 0.004516 0.00129347368421 0.0014380536927
 20 -0.002868 0.0010854 0.00138112218938
 1 -0.006596 -0.006596 0
 2 0.001128 -0.002734 0.00273084638894
 3 0.0035 -0.000656 0.00248860942876
 4 0.00986 0.001973 0.00294404360532
 5 0.003076 0.0021936 0.00236348531792
 6 0.002636 0.00226733333333 0.00197072088709
 7 0.000272 0.00198228571429 0.0017096798807
 8 0.003492 0.002171 0.00150634902164
 9 -0.000556 0.001868 0.00136911181446
 10 -0.00538 0.0011432 0.00141107049292
 11 -0.000172 0.00102363636364 0.00128784686267
 12 0.002872 0.00117766666667 0.00118970187286
 13 -0.0054 0.000671692307692 0.00120097053152
 14 0.005188 0.000994285714286 0.00115770249002
 15 -0.003764 0.000677066666667 0.0011231419717
 16 0.000956 0.0006945 0.00105308088928
 17 0.006232 0.00102023529412 0.00104029351571
 18 0.00236 0.00109466666667 0.000985158557145
 19 0.003892 0.00124189473684 0.000944245349046
 20 -0.000488 0.0011554 0.000900985916649
