 1 0.243968 0.243968 0
 2 0.241576 0.242772 0.0008456997103
 3 0.245016 0.24352 0.000831187637595
 4 0.244328 0.243722 0.000647471234881
 5 0.247104 0.2443984 0.000796438150769
 6 0.244456 0.244408 0.000663756314053
 7 0.245904 0.244621714286 0.00060235773879
 8 0.2458 0.244769 0.000544772314825
 9 0.24436 0.244723555556 0.000486133830862
 10 0.248896 0.2451408 0.000590006589794
 11 0.244392 0.245072727273 0.000540282342639
 12 0.245744 0.245128666667 0.000498146304554
 13 0.246144 0.245206769231 0.00046590983908
 14 0.244368 0.245146857143 0.000436465661938
 15 0.245024 0.245138666667 0.000407444792897
 16 0.244408 0.245093 0.000384530151613
 17 0.245792 0.245134117647 0.000364102440834
 18 0.245624 0.245161333333 0.000344890177546
 19 0.245032 0.245154526316 0.000326805230298
 20 0.24456 0.2451248 0.000311813995837
 1 0.243968 0.243968 0
 2 0.241576 0.242772 0.0008456997103
 3 0.245016 0.24352 0.000831187637595
 4 0.244328 0.243722 0.000647471234881
 5 0.247104 0.2443984 0.000796438150769
 6 0.244456 0.244408 0.000663756314053
 7 0.245904 0.244621714286 0.00060235773879
 8 0.2458 0.244769 0.000544772314825
 9 0.24436 0.244723555556 0.000486133830862
 10 0.248896 0.2451408 0.000590006589794
 11 0.244392 0.245072727273 0.000540282342639
 12 0.245744 0.245128666667 0.000498146304554
 13 0.246144 0.245206769231 0.00046590983908
 14 0.244368 0.245146857143 0.000436465661938
 15 0.245024 0.245138666667 0.000407444792897
 16 0.244408 0.245093 0.000384530151613
 17 0.245792 0.245134117647 0.000364102440834
 18 0.245624 0.245161333333 0.000344890177546
 19 0.245032 0.245154526316 0.000326805230298
 20 0.24456 0.2451248 0.000311813995837
 1 0.243968 0.243968 0
 2 0.241576 0.242772 0.0008456997103
 3 0.245016 0.24352 0.000831187637595
 4 0.244328 0.243722 0.000647471234881
 5 0.247104 0.2443984 0.000796438150769
 6 0.244456 0.244408 0.000663756314053
 7 0.245904 0.244621714286 0.00060235773879
 8 0.2458 0.244769 0.000544772314825
 9 0.24436 0.244723555556 0.000486133830862
 10 0.248896 0.2451408 0.000590006589794
 11 0.244392 0.245072727273 0.000540282342639
 12 0.245744 0.245128666667 0.000498146304554
 13 0.246144 0.245206769231 0.00046590983908
 14 0.244368 0.245146857143 0.000436465661938
 15 0.245024 0.245138666667 0.000407444792897
 16 0.244408 0.245093 0.000384530151613
 17 0.245792 0.245134117647 0.000364102440834
 18 0.245624 0.245161333333 0.000344890177546
 19 0.245032 0.245154526316 0.000326805230298
 20 0.24456 0.2451248 0.000311813995837
 1 0.246024 0.246024 0
 2 0.241344 0.243684 0.00165462986798
 3 0.246552 0.24464 0.00135132922216
 4 0.245776 0.244924 0.00104291322746
 5 0.24516 0.2449712 0.000835397984197
 6 0.245152 0.245001333333 0.000696708239058
 7 0.243744 0.244821714286 0.000619900114215
 8 0.243872 0.244703 0.000553663142172
 9 0.2442 0.244647111111 0.000494957797038
 10 0.245632 0.2447456 0.000455155428396
 11 0.24444 0.244717818182 0.000414624669826
 12 0.24716 0.244921333333 0.000427108972129
 13 0.242976 0.244771692308 0.000419650451676
 14 0.246048 0.244862857143 0.000399455022333
 15 0.246776 0.2449904 0.00039265882052
 16 0.243528 0.244899 0.000378605913184
 17 0.243152 0.244796235294 0.00037001890468
 18 0.243864 0.244744444444 0.000353068228829
 19 0.244912 0.244753263158 0.000334595806449
 20 0.245984 0.2448148 0.00032347526644
 1 0.245336 0.245336 0
 2 0.243776 0.244556 0.000551543289328
 3 0.246688 0.245266666667 0.00068694837803
 4 0.244864 0.245166 0.000522535166282
 5 0.245656 0.245264 0.000427119093464
 6 0.246616 0.245489333333 0.00041109681657
 7 0.24224 0.245025142857 0.00055574694831
 8 0.248416 0.245449 0.000627427187012
 9 0.244456 0.245338666667 0.000567331200762
 10 0.244368 0.2452416 0.000518835372733
 11 0.246808 0.245384 0.000490821271605
 12 0.245472 0.245391333333 0.000449974279101
 13 0.24424 0.245302769231 0.000423986911624
 14 0.243488 0.245173142857 0.000413042554228
 15 0.244536 0.245130666667 0.000387684300735
 16 0.244992 0.245122 0.000363550890523
 17 0.249 0.245350117647 0.000407497093903
 18 0.244784 0.245318666667 0.000386070165694
 19 0.244712 0.245286736842 0.00036706868214
 20 0.242752 0.24516 0.000369947888222
 1 0.244256 0.244256 0
 2 0.244104 0.24418 5.37401153274e-05
 3 0.24448 0.24428 8.91640186211e-05
 4 0.246704 0.244886 0.000529054817572
 5 0.244784 0.2448656 0.000423636976664
 6 0.247576 0.245317333333 0.000542847362761
 7 0.245496 0.245342857143 0.000465897397331
 8 0.247376 0.245597 0.000471912995158
 9 0.2452 0.245552888889 0.000421534774992
 10 0.243928 0.2453904 0.000409502800966
 11 0.24732 0.245565818182 0.00040812131194
 12 0.24504 0.245522 0.000376456135854
 13 0.24552 0.245521846154 0.000347498002994
 14 0.242832 0.245329714286 0.000372019028324
 15 0.246008 0.245374933333 0.00034995516496
 16 0.244352 0.245311 0.000333871887856
 17 0.244792 0.245280470588 0.000315625090963
 18 0.246528 0.245349777778 0.000305605122804
 19 0.24452 0.245306105263 0.000292624516148
 20 0.243208 0.2452012 0.000296201161376
 1 0.243872 0.243872 0
 2 0.244624 0.244248 0.00026587214973
 3 0.245736 0.244744 0.00044207188958
 4 0.246368 0.24515 0.00048327528387
 5 0.24304 0.244728 0.000540316944024
 6 0.247728 0.245228 0.000641148275448
 7 0.244032 0.245057142857 0.000571868239018
 8 0.246648 0.245256 0.000533840800238
 9 0.243664 0.245079111111 0.000502978301187
 10 0.243784 0.2449496 0.000469058017732
 11 0.24624 0.245066909091 0.000440841596606
 12 0.245656 0.245116 0.000406828929377
 13 0.242448 0.244910769231 0.000424153011268
 14 0.244648 0.244892 0.000394271428313
 15 0.243632 0.244808 0.000376828590565
 16 0.242768 0.2446805 0.000374225512727
 17 0.243072 0.244585882353 0.000363977126572
 18 0.24548 0.244635555556 0.00034712916284
 19 0.244976 0.244653473684 0.000329321331586
 20 0.243992 0.2446204 0.000314511672278
 1 0.244432 0.244432 0
 2 0.243976 0.244204 0.000161220346111
 3 0.242992 0.2438 0.000346933230845
 4 0.24284 0.24356 0.00033302252176
 5 0.24244 0.243336 0.000333345706438
 6 0.245488 0.243694666667 0.000429380604715
 7 0.243912 0.243725714286 0.000369161306166
 8 0.242064 0.243518 0.00037695026197
 9 0.24572 0.243762666667 0.000406792694497
 10 0.24244 0.2436304 0.000387019462045
 11 0.245312 0.243783272727 0.000380833298836
 12 0.24464 0.243854666667 0.000355726278458
 13 0.244424 0.243898461538 0.000331047621941
 14 0.24416 0.243917142857 0.000307928014003
 15 0.244392 0.2439488 0.000289022186001
 16 0.24604 0.2440795 0.000299053898781
 17 0.243504 0.244045647059 0.00028337209379
 18 0.247528 0.244239111111 0.000327069374687
 19 0.245336 0.244296842105 0.000314909029324
 20 0.244984 0.2443312 0.000301032038164
 1 0.246328 0.246328 0
 2 0.243992 0.24516 0.000825900720427
 3 0.248656 0.246325333333 0.00109931588154
 4 0.244872 0.245962 0.000882489093418
 5 0.243896 0.2455488 0.000796875819686
 6 0.246208 0.245658666667 0.000671594233756
 7 0.245128 0.245582857143 0.000579915103871
 8 0.24468 0.24547 0.000518290941461
 9 0.244272 0.245336888889 0.000477490467736
 10 0.247 0.2455032 0.000457789401364
 11 0.243544 0.245325090909 0.000449486639311
 12 0.245976 0.245379333333 0.000415289412696
 13 0.244536 0.245314461538 0.000388377791664
 14 0.2426 0.245120571429 0.000406161093435
 15 0.243016 0.244980266667 0.000402588507501
 16 0.2442 0.2449315 0.000380368879347
 17 0.2448 0.244923764706 0.000358072884361
 18 0.246816 0.245028888889 0.000353274426335
 19 0.24552 0.245054736842 0.000335625309171
 20 0.244816 0.2450428 0.000319056245824
 1 0.24428 0.24428 0
 2 0.245616 0.244948 0.000472347329833
 3 0.246928 0.245608 0.00062414813057
 4 0.243656 0.24512 0.000630663143051
 5 0.245848 0.2452656 0.000521066721259
 6 0.244496 0.245137333333 0.000449732430741
 7 0.242968 0.244827428571 0.000480540803218
 8 0.245872 0.244958 0.00043785328593
 9 0.242016 0.244631111111 0.000496449727526
 10 0.247808 0.2449488 0.000538950921698
 11 0.24744 0.245175272727 0.000535428292162
 12 0.241936 0.244905333333 0.000554696981009
 13 0.244624 0.244883692308 0.000512449961588
 14 0.243184 0.244762285714 0.000490016861732
 15 0.245552 0.244814933333 0.000460168620946
 16 0.245632 0.244866 0.000434232368669
 17 0.246008 0.244933176471 0.000413852825045
 18 0.243512 0.244854222222 0.000398321195813
 19 0.24536 0.244880842105 0.000378245382424
 20 0.241976 0.2447356 0.00038621340215
 1 0.244856 0.244856 0
 2 0.245256 0.245056 0.000141421356249
 3 0.246896 0.245669333333 0.000509582254474
 4 0.244088 0.245274 0.00051311109908
 5 0.245592 0.2453376 0.000414411737286
 6 0.242536 0.244870666667 0.000548589842061
 7 0.24504 0.244894857143 0.000470752910993
 8 0.244568 0.244854 0.000413678014885
 9 0.244784 0.244846222222 0.000367786900785
 10 0.245464 0.244908 0.000336156630157
 11 0.246128 0.245018909091 0.000323376030494
 12 0.244752 0.244996666667 0.000297191981843
 13 0.245656 0.245047384615 0.000278625144
 14 0.246352 0.245140571429 0.0002738636208
 15 0.2476 0.245304533333 0.000300708701668
 16 0.244624 0.245262 0.00028490656363
 17 0.246592 0.245340235294 0.000278682112676
 18 0.246728 0.245417333333 0.000273656719266
 19 0.242952 0.245287578947 0.000288379235498
 20 0.244856 0.245266 0.000274766446276
 1 0.244376 0.244376 0
 2 0.245752 0.245064 0.000486489465458
 3 0.240016 0.243381333333 0.00141165350906
 4 0.243752 0.243474 0.00106177728362
 5 0.246688 0.2441168 0.00102570508042
 6 0.244128 0.244118666667 0.000854755932243
 7 0.24364 0.244050285714 0.000735378112219
 8 0.24556 0.244239 0.00066723075094
 9 0.243856 0.244196444444 0.000594449534996
 10 0.243792 0.244156 0.000536378672209
 11 0.244312 0.244170181818 0.000487804421895
 12 0.244352 0.244185333333 0.000447389299364
 13 0.244176 0.244184615385 0.000412975313939
 14 0.244392 0.244199428571 0.000383742655508
 15 0.243104 0.2441264 0.000365042570425
 16 0.246744 0.24429 0.000377109732041
 17 0.246896 0.244443294118 0.00038482440848
 18 0.244456 0.244444 0.000363445922074
 19 0.244288 0.244435789474 0.000344409917938
 20 0.24636 0.244532 0.000340362395102
 1 0.243424 0.243424 0
 2 0.246 0.244712 0.000910753534168
 3 0.24356 0.244328 0.000683343414559
 4 0.246072 0.244764 0.000636581495176
 5 0.244128 0.2446368 0.000521818849795
 6 0.249496 0.245446666667 0.000857708402491
 7 0.241264 0.244849142857 0.000920063782807
 8 0.244136 0.24476 0.000809362712263
 9 0.244168 0.244694222222 0.000722101490383
 10 0.243368 0.2445616 0.000661958113479
 11 0.24252 0.244376 0.000627259973522
 12 0.243232 0.244280666667 0.000582187795846
 13 0.241848 0.244093538462 0.000566680280077
 14 0.244808 0.244144571429 0.000528496034336
 15 0.244968 0.244199466667 0.000496105776058
 16 0.242264 0.2440785 0.000479620276235
 17 0.244768 0.244119058824 0.000453118990848
 18 0.244664 0.244149333333 0.000428955895745
 19 0.24544 0.244217263158 0.000411722850346
 20 0.248136 0.2444132 0.000435269580835
 1 0.244616 0.244616 0
 2 0.24476 0.244688 5.09116882459e-05
 3 0.245368 0.244914666667 0.000188159113133
 4 0.24428 0.244756 0.000196967002315
 5 0.244488 0.2447024 0.000164705215461
 6 0.243136 0.244441333333 0.000275018652566
 7 0.246816 0.244780571429 0.00039269694693
 8 0.243392 0.244607 0.000380037991521
 9 0.244 0.244539555556 0.000343744058933
 10 0.243704 0.244456 0.000319363366714
 11 0.246912 0.244679272727 0.000360014625296
 12 0.245216 0.244724 0.000332780207742
 13 0.246264 0.244842461538 0.000327588582631
 14 0.24588 0.244916571429 0.000312459853978
 15 0.247296 0.2450752 0.00032944358748
 16 0.243736 0.2449915 0.000319308995134
 17 0.245864 0.245042823529 0.000304622884848
 18 0.24696 0.245149333333 0.000305753228989
 19 0.2442 0.245099368421 0.000293715110715
 20 0.244992 0.245094 0.000279078411919
 1 0.243448 0.243448 0
 2 0.243704 0.243576 9.05096679835e-05
 3 0.246592 0.244581333333 0.000823065993485
 4 0.247632 0.245344 0.000904048671256
 5 0.244744 0.245224 0.000731159736308
 6 0.243504 0.244937333333 0.00066311967525
 7 0.243488 0.244730285714 0.000599841533981
 8 0.244312 0.244678 0.000527135181903
 9 0.245568 0.244776888889 0.000477750191566
 10 0.24556 0.2448552 0.000436346211166
 11 0.245856 0.244946181818 0.000406052836568
 12 0.248016 0.245202 0.000445570919658
 13 0.245064 0.245191384615 0.000411422665787
 14 0.245712 0.245228571429 0.000383712234256
 15 0.245632 0.245255466667 0.000359072754826
 16 0.24336 0.245137 0.00035563666501
 17 0.247264 0.245262117647 0.000356046280984
 18 0.245136 0.245255111111 0.000336334864816
 19 0.242304 0.245099789474 0.000352678453909
 20 0.245144 0.245102 0.000335051458735
 1 0.24412 0.24412 0
 2 0.245888 0.245004 0.000625082394572
 3 0.246408 0.245472 0.000565396222917
 4 0.242688 0.244776 0.000736972184007
 5 0.246808 0.2451824 0.000692625936561
 6 0.244504 0.245069333333 0.000586344355904
 7 0.245576 0.245141714286 0.000507028708046
 8 0.2468 0.245349 0.000484171328147
 9 0.24468 0.245274666667 0.000436043264362
 10 0.243176 0.2450648 0.000440054469353
 11 0.244832 0.245043636364 0.000400558108012
 12 0.246544 0.245168666667 0.000386199094688
 13 0.245864 0.245222153846 0.000360176318523
 14 0.245144 0.245216571429 0.000334492697125
 15 0.244992 0.2452016 0.00031252805456
 16 0.242416 0.2450275 0.000338027342642
 17 0.24548 0.245054117647 0.000319189651755
 18 0.243352 0.244959555556 0.000315153090588
 19 0.244504 0.244935578947 0.000299476758062
 20 0.245024 0.24494 0.00028453555138
 1 0.245248 0.245248 0
 2 0.244664 0.244956 0.000206475180097
 3 0.244656 0.244856 0.000160044438274
 4 0.244592 0.24479 0.000132947357997
 5 0.242272 0.2442864 0.00046282001685
 6 0.244632 0.244344 0.000389251132873
 7 0.245176 0.244462857143 0.000351321901844
 8 0.245264 0.244563 0.000321362528927
 9 0.243968 0.244496888889 0.000292376741761
 10 0.246168 0.244664 0.000307206249938
 11 0.247152 0.244890181818 0.000352851098656
 12 0.243928 0.24481 0.000332432282162
 13 0.245096 0.244832 0.000307587674517
 14 0.24528 0.244864 0.000287276869936
 15 0.24504 0.244875733333 0.00026836458562
 16 0.244688 0.244864 0.000251848168547
 17 0.244488 0.244841882353 0.000238002789701
 18 0.244224 0.244807555556 0.000227242381913
 19 0.24572 0.244855578947 0.000220298240502
 20 0.245648 0.2448952 0.000212816465527
 1 0.242752 0.242752 0
 2 0.246184 0.244468 0.00121339523652
 3 0.244144 0.24436 0.000813722311356
 4 0.246064 0.244786 0.000713136031905
 5 0.244256 0.24468 0.000578333052834
 6 0.244624 0.244670666667 0.000482019517048
 7 0.247008 0.245004571429 0.000516009446884
 8 0.24424 0.244909 0.000460273695752
 9 0.242512 0.244642666667 0.000480042796446
 10 0.246168 0.2447952 0.000455628199304
 11 0.244656 0.244782545455 0.000414383149321
 12 0.243216 0.244652 0.000399886094896
 13 0.245912 0.244748923077 0.000380690410827
 14 0.244856 0.244756571429 0.000353575060795
 15 0.244384 0.244731733333 0.0003308746586
 16 0.245816 0.2447995 0.000317058723859
 17 0.247128 0.244936470588 0.000326657033328
 18 0.245192 0.244950666667 0.000308817737609
 19 0.245232 0.244965473684 0.000292918936613
 20 0.246272 0.2450308 0.000285464547711
 1 0.246016 0.246016 0
 2 0.242848 0.244432 0.0011200571414
 3 0.245992 0.244952 0.000858973030236
 4 0.24524 0.245024 0.00064724029541
 5 0.24944 0.2459072 0.000944533002071
 6 0.243696 0.245538666667 0.000855993077162
 7 0.246968 0.245742857143 0.000757671067196
 8 0.246848 0.245881 0.000675438283636
 9 0.246832 0.245986666667 0.000608598795452
 10 0.24616 0.246004 0.000547985693243
 11 0.2482 0.246203636364 0.000533295125101
 12 0.244864 0.246092 0.000500402060568
 13 0.24392 0.245924923077 0.000489007041992
 14 0.245704 0.245909142857 0.000454332509461
 15 0.243424 0.245743466667 0.000453245774549
 16 0.246616 0.245798 0.000428185999303
 17 0.242392 0.245597647059 0.000447423635524
 18 0.24248 0.245424444444 0.000454857339066
 19 0.245096 0.245407157895 0.000431245835907
 20 0.246456 0.2454596 0.000412859869688
 1 0.245448 0.245448 0
 2 0.246016 0.245732 0.000200818325853
 3 0.245936 0.2458 0.000144935234571
 4 0.243752 0.245288 0.000456534774141
 5 0.242456 0.2447216 0.000624530646165
 6 0.245664 0.244878666667 0.00053983179822
 7 0.245088 0.244908571429 0.000463540538576
 8 0.242464 0.244603 0.00049619741535
 9 0.247632 0.244939555556 0.00054334326533
 10 0.246272 0.2450728 0.000505082583348
 11 0.243128 0.244896 0.000489131867161
 12 0.245296 0.244929333333 0.00044950524242
 13 0.246552 0.245054153846 0.000431910710778
 14 0.24396 0.244976 0.000408069621911
 15 0.243208 0.244858133333 0.000397522973387
 16 0.243768 0.24479 0.000378471597349
 17 0.24512 0.244809411765 0.00035670602843
 18 0.244704 0.244803555556 0.000336937095479
 19 0.247392 0.244939789474 0.000345649780156
 20 0.248368 0.2451112 0.000368425797144
 1 0.242664 0.242664 0
 2 0.246288 0.244476 0.00128127748751
 3 0.246664 0.245205333333 0.00104127329461
 4 0.243808 0.244856 0.000837505820874
 5 0.244024 0.2446896 0.000686336220813
 6 0.244304 0.244625333333 0.000574947855926
 7 0.244768 0.244645714286 0.000493173551198
 8 0.247416 0.244992 0.000539573905965
 9 0.245944 0.245097777778 0.000489879848653
 10 0.243912 0.2449792 0.000455016764525
 11 0.249248 0.245367272727 0.000554992920673
 12 0.245344 0.245365333333 0.000508746899162
 13 0.245208 0.245353230769 0.000469756454006
 14 0.24536 0.245353714286 0.000436202670418
 15 0.246024 0.2453984 0.000409404953562
 16 0.240856 0.2451145 0.000472098887285
 17 0.24532 0.245126588235 0.000444483099028
 18 0.24384 0.245055111111 0.000425497884757
 19 0.245384 0.245072421053 0.000403455203801
 20 0.242584 0.244948 0.000402009950128
 1 0.243016 0.243016 0
 2 0.246896 0.244956 0.0013717871555
 3 0.246008 0.245306666667 0.000958297255359
 4 0.245376 0.245324 0.000718879683952
 5 0.242248 0.2447088 0.00079594041988
 6 0.246432 0.244996 0.000713219305529
 7 0.246936 0.245273142857 0.00066299393381
 8 0.24596 0.245359 0.000585652520699
 9 0.2484 0.245696888889 0.000610317149782
 10 0.245152 0.2456424 0.000551712446841
 11 0.243944 0.245488 0.000522715351643
 12 0.2448 0.245430666667 0.000482289754616
 13 0.246208 0.245490461538 0.000448881959094
 14 0.244224 0.2454 0.000425836607546
 15 0.245216 0.245387733333 0.000397624138175
 16 0.243392 0.245263 0.000391848743139
 17 0.245768 0.245292705882 0.000369923098384
 18 0.244176 0.245230666667 0.000354535899032
 19 0.246152 0.245279157895 0.000339176069157
 20 0.24452 0.2452412 0.000324334284342
 1 0.246144 0.246144 0
 2 0.245608 0.245876 0.000189504617364
 3 0.245336 0.245696 0.000193806317982
 4 0.244264 0.245338 0.000342419333565
 5 0.247984 0.2458672 0.000546884587458
 6 0.245224 0.24576 0.00046612540039
 7 0.241944 0.245214857143 0.000643704439358
 8 0.241064 0.244696 0.000743506556798
 9 0.245976 0.244838222222 0.000674360085843
 10 0.244408 0.2447952 0.000608294875862
 11 0.2466 0.244959272727 0.000574696831193
 12 0.247312 0.245155333333 0.000559249861339
 13 0.244944 0.245139076923 0.000516466859825
 14 0.243912 0.245051428571 0.000486956873949
 15 0.244152 0.244991466667 0.000458169942917
 16 0.242408 0.24483 0.00045710146576
 17 0.24488 0.244832941176 0.000430222606502
 18 0.24388 0.24478 0.000409565744131
 19 0.245032 0.244793263158 0.000388224346441
 20 0.245344 0.2448208 0.000369788436812
 1 0.24352 0.24352 0
 2 0.245552 0.244536 0.000718420489684
 3 0.246088 0.245053333333 0.000638602177209
 4 0.24672 0.24547 0.000599669075404
 5 0.241936 0.2447632 0.000793598709675
 6 0.24436 0.244696 0.000664171329972
 7 0.24688 0.245008 0.000638379581283
 8 0.24468 0.244967 0.000559897200387
 9 0.243344 0.244786666667 0.000525926343245
 10 0.244816 0.2447896 0.000473341889126
 11 0.24332 0.244656 0.00044876911548
 12 0.24548 0.244724666667 0.000416591948855
 13 0.245336 0.244771692308 0.000387191486418
 14 0.24652 0.244896571429 0.000379138843157
 15 0.24772 0.2450848 0.000397852939888
 16 0.243368 0.2449775 0.000387186143057
 17 0.24452 0.244950588235 0.000365344555189
 18 0.247984 0.245119111111 0.000381942475866
 19 0.243344 0.245025684211 0.000373091873403
 20 0.2462 0.2450844 0.000359027787227
 1 0.2452 0.2452 0
 2 0.24452 0.24486 0.000240416305599
 3 0.242832 0.244184 0.00057475173384
 4 0.2422 0.243688 0.000608545807643
 5 0.243944 0.2437392 0.000488985758486
 6 0.242464 0.243526666667 0.000451318726172
 7 0.246296 0.243922285714 0.000532732567371
 8 0.24488 0.244042 0.000479403274916
 9 0.243096 0.243936888889 0.000437507543338
 10 0.244392 0.2439824 0.000396116831249
 11 0.244368 0.244017454545 0.000361653968299
 12 0.242328 0.243876666667 0.000357872054519
 13 0.243024 0.243811076923 0.000336300275473
 14 0.244792 0.243881142857 0.000319494352686
 15 0.24176 0.243739733333 0.000327999450765
 16 0.243768 0.2437415 0.000307504242855
 17 0.244424 0.243781647059 0.000292024752955
 18 0.241832 0.243673333333 0.000295205640815
 19 0.24396 0.243688421053 0.000280053796925
 20 0.244224 0.2437152 0.000267328352403
 1 0.244224 0.244224 0
 2 0.243264 0.243744 0.000339411254966
 3 0.245704 0.244397333333 0.000579450569901
 4 0.246368 0.24489 0.000609021346092
 5 0.243872 0.2446864 0.000520137335707
 6 0.244888 0.24472 0.000434531676377
 7 0.246168 0.244926857143 0.000418808193816
 8 0.246056 0.245068 0.000389515083148
 9 0.245352 0.245099555556 0.000347511474579
 10 0.246232 0.2452128 0.000330697589952
 11 0.245728 0.245259636364 0.000303932769662
 12 0.242912 0.245064 0.000335715488007
 13 0.246512 0.245175384615 0.000327848672308
 14 0.245664 0.245210285714 0.000306282972877
 15 0.244088 0.245135466667 0.000294860959573
 16 0.245864 0.245181 0.000279925771408
 17 0.243448 0.245079058824 0.000281410098246
 18 0.248848 0.245288444444 0.000334729208983
 19 0.245 0.245273263158 0.000317455961062
 20 0.247568 0.245388 0.000321649996113
 1 0.246632 0.246632 0
 2 0.244864 0.245748 0.000625082394569
 3 0.244968 0.245488 0.000467678902188
 4 0.244024 0.245122 0.000472756808516
 5 0.244136 0.2449248 0.000417312391379
 6 0.246264 0.245148 0.00040305389769
 7 0.2468 0.245384 0.000408769182912
 8 0.24104 0.244841 0.000621226911041
 9 0.243096 0.244647111111 0.000581672268772
 10 0.244584 0.2446408 0.000523539278374
 11 0.244152 0.244596363636 0.00047782688647
 12 0.245824 0.244698666667 0.000448825958186
 13 0.24656 0.244841846154 0.000436541678688
 14 0.246608 0.244968 0.00042319600322
 15 0.245584 0.245009066667 0.000396970477117
 16 0.243552 0.244918 0.000382462743282
 17 0.24304 0.244807529412 0.000375580400835
 18 0.241448 0.244620888889 0.000398399335061
 19 0.246328 0.244710736842 0.000387429863847
 20 0.246032 0.2447768 0.000373648348049
 1 0.242976 0.242976 0
 2 0.245408 0.244192 0.000859841845922
 3 0.244168 0.244184 0.000573265112213
 4 0.248808 0.24534 0.0010895448591
 5 0.24448 0.245168 0.000885108083796
 6 0.24384 0.244946666667 0.00076476324102
 7 0.24592 0.245085714286 0.000668032435796
 8 0.2456 0.24515 0.000587613393312
 9 0.24564 0.245204444444 0.000524839190212
 10 0.242008 0.2448848 0.00056131525545
 11 0.249152 0.245272727273 0.000630237487586
 12 0.242824 0.245068666667 0.000609859334115
 13 0.244128 0.244996307692 0.000567223481465
 14 0.241368 0.244737142857 0.000582914763059
 15 0.24552 0.244789333333 0.000546385184985
 16 0.244008 0.2447405 0.000514413728797
 17 0.246304 0.244832470588 0.000492307033615
 18 0.2444 0.244808444444 0.000465542549688
 19 0.244152 0.244773894737 0.000442320485801
 20 0.243784 0.2447244 0.00042296457535
 1 0.246592 0.246592 0
 2 0.246808 0.2467 7.63675323746e-05
 3 0.243584 0.245661333333 0.000849594587417
 4 0.244168 0.245288 0.000714529215638
 5 0.244064 0.2450432 0.000612123281701
 6 0.2428 0.244669333333 0.000613746720592
 7 0.245784 0.244828571429 0.000546335579656
 8 0.244056 0.244732 0.000486503854044
 9 0.240672 0.244280888889 0.000606548552695
 10 0.242768 0.2441296 0.000564446121432
 11 0.245936 0.244293818182 0.000536489812867
 12 0.244792 0.244335333333 0.000493385995688
 13 0.24404 0.244312615385 0.000455955950567
 14 0.244008 0.244290857143 0.000423906502702
 15 0.245232 0.2443536 0.000400262456118
 16 0.246016 0.2444575 0.000388497245003
 17 0.245344 0.244509647059 0.000369127662777
 18 0.244472 0.244507555556 0.000348626495652
 19 0.243344 0.244446315789 0.000335613326614
 20 0.244528 0.2444504 0.000318857510497
 1 0.242704 0.242704 0
 2 0.24332 0.243012 0.0002177888886
 3 0.244568 0.243530666667 0.000447687721848
 4 0.244992 0.243896 0.000461345857248
 5 0.247168 0.2445504 0.000691960322562
 6 0.244784 0.244589333333 0.000577727861092
 7 0.244768 0.244614857143 0.000495758805269
 8 0.24488 0.244648 0.00043489538972
 9 0.24376 0.244549333333 0.000397608654298
 10 0.245376 0.244632 0.000366340606538
 11 0.24592 0.244749090909 0.000351251304037
 12 0.241776 0.244501333333 0.000399924807747
 13 0.24272 0.244364307692 0.000391933447204
 14 0.246128 0.244490285714 0.000383650715781
 15 0.24588 0.244582933333 0.000369091225901
 16 0.243928 0.244542 0.000348285443278
 17 0.246016 0.244628705882 0.00033841875091
 18 0.246016 0.244705777778 0.000328276640674
 19 0.243608 0.244648 0.000316042565246
 20 0.2438 0.2446056 0.000303071265547
 1 0.245464 0.245464 0
 2 0.245432 0.245448 1.13137083231e-05
 3 0.244784 0.245226666667 0.000180875238347
 4 0.245464 0.245286 0.000145062055676
 5 0.244112 0.2450512 0.000239942393086
 6 0.245736 0.245165333333 0.000225468729864
 7 0.246232 0.245317714286 0.000239273536089
 8 0.247136 0.245545 0.000298387122711
 9 0.242464 0.245202666667 0.000417755082124
 10 0.246592 0.2453416 0.000398412931515
 11 0.248072 0.245589818182 0.000432660762995
 12 0.245992 0.245623333333 0.000397901672198
 13 0.244736 0.245555076923 0.000373102306216
 14 0.245736 0.245568 0.000346675876379
 15 0.245008 0.245530666667 0.000325568148407
 16 0.245648 0.245538 0.000305302718622
 17 0.242168 0.245339764706 0.000345762999907
 18 0.24564 0.245356444444 0.000326956015296
 19 0.245064 0.245341052632 0.000310109885567
 20 0.244672 0.2453076 0.000296403225351
 1 0.242304 0.242304 0
 2 0.243392 0.242848 0.000384666088964
 3 0.245544 0.243746666667 0.000777280348872
 4 0.24692 0.24454 0.00090104161946
 5 0.243624 0.2443568 0.000739222856791
 6 0.243256 0.244173333333 0.000638380358
 7 0.246056 0.244442285714 0.000601174826493
 8 0.2426 0.244212 0.000568425896665
 9 0.244328 0.244224888889 0.000505413568448
 10 0.244 0.2442024 0.000455372269689
 11 0.2446 0.244238545455 0.000415406847544
 12 0.245168 0.244316 0.000387943294826
 13 0.244064 0.244296615385 0.000358585477723
 14 0.246 0.244418285714 0.00035301100504
 15 0.242624 0.244298666667 0.000349155917628
 16 0.244464 0.244309 0.000327486545526
 17 0.241336 0.244134117647 0.000351832315777
 18 0.24336 0.244091111111 0.000334904232569
 19 0.243704 0.244070736842 0.000317896835494
 20 0.24232 0.2439832 0.000313822828997
 1 0.244456 0.244456 0
 2 0.242568 0.243512 0.000667508801442
 3 0.2462 0.244408 0.000856294860951
 4 0.244176 0.24435 0.000644182427576
 5 0.244768 0.2444336 0.0005207423624
 6 0.245712 0.244646666667 0.00047554755964
 7 0.247496 0.245053714286 0.000555126818175
 8 0.244832 0.245026 0.000486427281308
 9 0.241896 0.244678222222 0.00054264432063
 10 0.243984 0.2446088 0.000492800584418
 11 0.247888 0.244906909091 0.000530560555811
 12 0.242808 0.244732 0.000514370813067
 13 0.24352 0.244638769231 0.00048317909446
 14 0.243568 0.244562285714 0.000454679382761
 15 0.244832 0.244580266667 0.000424722816452
 16 0.244392 0.2445685 0.000398340600962
 17 0.24764 0.244749176471 0.0004138603164
 18 0.246824 0.244864444444 0.000406603503158
 19 0.242304 0.244729684211 0.000406922733569
 20 0.247584 0.2448724 0.000410841662932
 1 0.244256 0.244256 0
 2 0.245616 0.244936 0.000480832611209
 3 0.243088 0.24432 0.000596427885181
 4 0.245336 0.244574 0.000498480691701
 5 0.245272 0.2447136 0.000417875158392
 6 0.244968 0.244756 0.000350373768679
 7 0.243784 0.244617142857 0.000326678986698
 8 0.242464 0.244348 0.00038090681275
 9 0.243816 0.244288888889 0.000343139767243
 10 0.24484 0.244344 0.000313220178151
 11 0.245832 0.244479272727 0.000312594398066
 12 0.24536 0.244552666667 0.000295035151706
 13 0.245824 0.244650461538 0.000288092535583
 14 0.243072 0.244537714286 0.000288735092002
 15 0.242648 0.244411733333 0.000295695571181
 16 0.244832 0.244438 0.000278378788704
 17 0.246776 0.244575529412 0.000294019726262
 18 0.2424 0.244454666667 0.000301505195174
 19 0.248896 0.244688421053 0.000365175951336
 20 0.246056 0.2447568 0.000353261104568
 1 0.246016 0.246016 0
 2 0.24488 0.245448 0.000401636651715
 3 0.245536 0.245477333333 0.000268826806422
 4 0.244416 0.245212 0.000305699198565
 5 0.246304 0.2454304 0.000312998607028
 6 0.246232 0.245564 0.000287936721446
 7 0.244656 0.245434285714 0.000274470006118
 8 0.243944 0.245248 0.000296718722027
 9 0.245688 0.245296888889 0.000267747275552
 10 0.246824 0.2454496 0.000281169671194
 11 0.2452 0.245426909091 0.000256522757017
 12 0.24472 0.245368 0.000241815356554
 13 0.24436 0.245290461538 0.000235317451838
 14 0.245544 0.245308571429 0.00021920481789
 15 0.242096 0.2450944 0.000290979354745
 16 0.245 0.2450885 0.000272852953757
 17 0.243136 0.244973647059 0.000279933765537
 18 0.24652 0.245059555556 0.000277250858265
 1 0.243968 0.243968 0
 2 0.241576 0.242772 0.0008456997103
 3 0.245016 0.24352 0.000831187637595
 4 0.244328 0.243722 0.000647471234881
 5 0.247104 0.2443984 0.000796438150769
 6 0.244456 0.244408 0.000663756314053
 7 0.245904 0.244621714286 0.00060235773879
 8 0.2458 0.244769 0.000544772314825
 9 0.24436 0.244723555556 0.000486133830862
 10 0.248896 0.2451408 0.000590006589794
 11 0.244392 0.245072727273 0.000540282342639
 12 0.245744 0.245128666667 0.000498146304554
 13 0.246144 0.245206769231 0.00046590983908
 14 0.244368 0.245146857143 0.000436465661938
 15 0.245024 0.245138666667 0.000407444792897
 16 0.244408 0.245093 0.000384530151613
 17 0.245792 0.245134117647 0.000364102440834
 18 0.245624 0.245161333333 0.000344890177546
 19 0.245032 0.245154526316 0.000326805230298
 20 0.24456 0.2451248 0.000311813995837
 1 0.243968 0.243968 0
 2 0.241576 0.242772 0.0008456997103
 3 0.245016 0.24352 0.000831187637595
 4 0.244328 0.243722 0.000647471234881
 5 0.247104 0.2443984 0.000796438150769
 6 0.244456 0.244408 0.000663756314053
 7 0.245904 0.244621714286 0.00060235773879
 8 0.2458 0.244769 0.000544772314825
 9 0.24436 0.244723555556 0.000486133830862
 10 0.248896 0.2451408 0.000590006589794
 11 0.244392 0.245072727273 0.000540282342639
 12 0.245744 0.245128666667 0.000498146304554
 13 0.246144 0.245206769231 0.00046590983908
 14 0.244368 0.245146857143 0.000436465661938
 15 0.245024 0.245138666667 0.000407444792897
 16 0.244408 0.245093 0.000384530151613
 17 0.245792 0.245134117647 0.000364102440834
 18 0.245624 0.245161333333 0.000344890177546
 19 0.245032 0.245154526316 0.000326805230298
 20 0.24456 0.2451248 0.000311813995837
 1 0.246024 0.246024 0
 2 0.241344 0.243684 0.00165462986798
 3 0.246552 0.24464 0.00135132922216
 4 0.245776 0.244924 0.00104291322746
 5 0.24516 0.2449712 0.000835397984197
 6 0.245152 0.245001333333 0.000696708239058
 7 0.243744 0.244821714286 0.000619900114215
 8 0.243872 0.244703 0.000553663142172
 9 0.2442 0.244647111111 0.000494957797038
 10 0.245632 0.2447456 0.000455155428396
 11 0.24444 0.244717818182 0.000414624669826
 12 0.24716 0.244921333333 0.000427108972129
 13 0.242976 0.244771692308 0.000419650451676
 14 0.246048 0.244862857143 0.000399455022333
 15 0.246776 0.2449904 0.00039265882052
 16 0.243528 0.244899 0.000378605913184
 17 0.243152 0.244796235294 0.00037001890468
 18 0.243864 0.244744444444 0.000353068228829
 19 0.244912 0.244753263158 0.000334595806449
 20 0.245984 0.2448148 0.00032347526644
 1 0.245336 0.245336 0
 2 0.243776 0.244556 0.000551543289328
 3 0.246688 0.245266666667 0.00068694837803
 4 0.244864 0.245166 0.000522535166282
 5 0.245656 0.245264 0.000427119093464
 6 0.246616 0.245489333333 0.00041109681657
 7 0.24224 0.245025142857 0.00055574694831
 8 0.248416 0.245449 0.000627427187012
 9 0.244456 0.245338666667 0.000567331200762
 10 0.244368 0.2452416 0.000518835372733
 11 0.246808 0.245384 0.000490821271605
 12 0.245472 0.245391333333 0.000449974279101
 13 0.24424 0.245302769231 0.000423986911624
 14 0.243488 0.245173142857 0.000413042554228
 15 0.244536 0.245130666667 0.000387684300735
 16 0.244992 0.245122 0.000363550890523
 17 0.249 0.245350117647 0.000407497093903
 18 0.244784 0.245318666667 0.000386070165694
 19 0.244712 0.245286736842 0.00036706868214
 20 0.242752 0.24516 0.000369947888222
 1 0.243968 0.243968 0
 2 0.241576 0.242772 0.0008456997103
 3 0.245016 0.24352 0.000831187637595
 4 0.244328 0.243722 0.000647471234881
 5 0.247104 0.2443984 0.000796438150769
 6 0.244456 0.244408 0.000663756314053
 7 0.245904 0.244621714286 0.00060235773879
 8 0.2458 0.244769 0.000544772314825
 9 0.24436 0.244723555556 0.000486133830862
 10 0.248896 0.2451408 0.000590006589794
 11 0.244392 0.245072727273 0.000540282342639
 12 0.245744 0.245128666667 0.000498146304554
 13 0.246144 0.245206769231 0.00046590983908
 14 0.244368 0.245146857143 0.000436465661938
 15 0.245024 0.245138666667 0.000407444792897
 16 0.244408 0.245093 0.000384530151613
 17 0.245792 0.245134117647 0.000364102440834
 18 0.245624 0.245161333333 0.000344890177546
 19 0.245032 0.245154526316 0.000326805230298
 20 0.24456 0.2451248 0.000311813995837
 1 0.246024 0.246024 0
 2 0.241344 0.243684 0.00165462986798
 3 0.246552 0.24464 0.00135132922216
 4 0.245776 0.244924 0.00104291322746
 5 0.24516 0.2449712 0.000835397984197
 6 0.245152 0.245001333333 0.000696708239058
 7 0.243744 0.244821714286 0.000619900114215
 8 0.243872 0.244703 0.000553663142172
 9 0.2442 0.244647111111 0.000494957797038
 10 0.245632 0.2447456 0.000455155428396
 11 0.24444 0.244717818182 0.000414624669826
 12 0.24716 0.244921333333 0.000427108972129
 13 0.242976 0.244771692308 0.000419650451676
 14 0.246048 0.244862857143 0.000399455022333
 15 0.246776 0.2449904 0.00039265882052
 16 0.243528 0.244899 0.000378605913184
 17 0.243152 0.244796235294 0.00037001890468
 18 0.243864 0.244744444444 0.000353068228829
 19 0.244912 0.244753263158 0.000334595806449
 20 0.245984 0.2448148 0.00032347526644
 1 -0.463056 -0.463056 0
 2 -0.462032 -0.462544 0.000362038671992
 3 -0.462792 -0.462626666667 0.00025061938087
 4 -0.459776 -0.461914 0.000645175170013
 5 -0.459096 -0.4613504 0.000721468369372
 6 -0.465864 -0.462102666667 0.000912719826394
 7 -0.464576 -0.462456 0.000847969194666
 8 -0.464432 -0.462703 0.000777114454248
 9 -0.460632 -0.462472888889 0.000724036361617
 10 -0.465272 -0.4627528 0.000703662146205
 11 -0.459672 -0.462472727273 0.000693193127666
 12 -0.460088 -0.462274 0.000663301590529
 13 -0.458656 -0.461995692308 0.000668118185558
 14 -0.46172 -0.461976 0.000620685598546
 15 -0.458808 -0.4617648 0.00061418875998
 16 -0.462712 -0.461824 0.00057864799317
 17 -0.462456 -0.461861176471 0.000545802810096
 18 -0.461344 -0.461832444444 0.00051623613019
 19 -0.460648 -0.461770105263 0.000492815383471
 20 -0.459064 -0.4616348 0.000486394498324
 1 -0.458824 -0.458824 0
 2 -0.462496 -0.46066 0.00129824805026
 3 -0.46216 -0.46116 0.000956950712765
 4 -0.46192 -0.46135 0.000736333484225
 5 -0.4622 -0.46152 0.000608374621424
 6 -0.463048 -0.461774666667 0.000557739617992
 7 -0.463496 -0.462020571429 0.000529503998058
 8 -0.461048 -0.461899 0.000477067998294
 9 -0.46456 -0.462194666667 0.000507476934951
 10 -0.462536 -0.4622288 0.000457875721133
 11 -0.462048 -0.462212363636 0.000416545559155
 12 -0.46256 -0.462241333333 0.000382839488655
 13 -0.462144 -0.462233846154 0.000353463502896
 14 -0.463208 -0.462303428571 0.000334995061101
 15 -0.46404 -0.4624192 0.000332064829011
 16 -0.460512 -0.4623 0.000332016565849
 17 -0.463384 -0.462363764706 0.000318550431434
 18 -0.460112 -0.462238666667 0.000324488429287
 19 -0.461104 -0.462178947368 0.000312857241549
 20 -0.463752 -0.4622576 0.000306941870717
 1 -0.463056 -0.463056 0
 2 -0.462032 -0.462544 0.000362038671992
 3 -0.462792 -0.462626666667 0.00025061938087
 4 -0.459776 -0.461914 0.000645175170013
 5 -0.459096 -0.4613504 0.000721468369372
 6 -0.465864 -0.462102666667 0.000912719826394
 7 -0.464576 -0.462456 0.000847969194666
 8 -0.464432 -0.462703 0.000777114454248
 9 -0.460632 -0.462472888889 0.000724036361617
 10 -0.465272 -0.4627528 0.000703662146205
 11 -0.459672 -0.462472727273 0.000693193127666
 12 -0.460088 -0.462274 0.000663301590529
 13 -0.458656 -0.461995692308 0.000668118185558
 14 -0.46172 -0.461976 0.000620685598546
 15 -0.458808 -0.4617648 0.00061418875998
 16 -0.462712 -0.461824 0.00057864799317
 17 -0.462456 -0.461861176471 0.000545802810096
 18 -0.461344 -0.461832444444 0.00051623613019
 19 -0.460648 -0.461770105263 0.000492815383471
 20 -0.459064 -0.4616348 0.000486394498324
 1 -0.458824 -0.458824 0
 2 -0.462496 -0.46066 0.00129824805026
 3 -0.46216 -0.46116 0.000956950712765
 4 -0.46192 -0.46135 0.000736333484225
 5 -0.4622 -0.46152 0.000608374621424
 6 -0.463048 -0.461774666667 0.000557739617992
 7 -0.463496 -0.462020571429 0.000529503998058
 8 -0.461048 -0.461899 0.000477067998294
 9 -0.46456 -0.462194666667 0.000507476934951
 10 -0.462536 -0.4622288 0.000457875721133
 11 -0.462048 -0.462212363636 0.000416545559155
 12 -0.46256 -0.462241333333 0.000382839488655
 13 -0.462144 -0.462233846154 0.000353463502896
 14 -0.463208 -0.462303428571 0.000334995061101
 15 -0.46404 -0.4624192 0.000332064829011
 16 -0.460512 -0.4623 0.000332016565849
 17 -0.463384 -0.462363764706 0.000318550431434
 18 -0.460112 -0.462238666667 0.000324488429287
 19 -0.461104 -0.462178947368 0.000312857241549
 20 -0.463752 -0.4622576 0.000306941870717
 1 -0.463056 -0.463056 0
 2 -0.462032 -0.462544 0.000362038671992
 3 -0.462792 -0.462626666667 0.00025061938087
 4 -0.459776 -0.461914 0.000645175170013
 5 -0.459096 -0.4613504 0.000721468369372
 6 -0.465864 -0.462102666667 0.000912719826394
 7 -0.464576 -0.462456 0.000847969194666
 8 -0.464432 -0.462703 0.000777114454248
 9 -0.460632 -0.462472888889 0.000724036361617
 10 -0.465272 -0.4627528 0.000703662146205
 11 -0.459672 -0.462472727273 0.000693193127666
 12 -0.460088 -0.462274 0.000663301590529
 13 -0.458656 -0.461995692308 0.000668118185558
 14 -0.46172 -0.461976 0.000620685598546
 15 -0.458808 -0.4617648 0.00061418875998
 16 -0.462712 -0.461824 0.00057864799317
 17 -0.462456 -0.461861176471 0.000545802810096
 18 -0.461344 -0.461832444444 0.00051623613019
 19 -0.460648 -0.461770105263 0.000492815383471
 20 -0.459064 -0.4616348 0.000486394498324
 1 -0.458824 -0.458824 0
 2 -0.462496 -0.46066 0.00129824805026
 3 -0.46216 -0.46116 0.000956950712765
 4 -0.46192 -0.46135 0.000736333484225
 5 -0.4622 -0.46152 0.000608374621424
 6 -0.463048 -0.461774666667 0.000557739617992
 7 -0.463496 -0.462020571429 0.000529503998058
 8 -0.461048 -0.461899 0.000477067998294
 9 -0.46456 -0.462194666667 0.000507476934951
 10 -0.462536 -0.4622288 0.000457875721133
 11 -0.462048 -0.462212363636 0.000416545559155
 12 -0.46256 -0.462241333333 0.000382839488655
 13 -0.462144 -0.462233846154 0.000353463502896
 14 -0.463208 -0.462303428571 0.000334995061101
 15 -0.46404 -0.4624192 0.000332064829011
 16 -0.460512 -0.4623 0.000332016565849
 17 -0.463384 -0.462363764706 0.000318550431434
 18 -0.460112 -0.462238666667 0.000324488429287
 19 -0.461104 -0.462178947368 0.000312857241549
 20 -0.463752 -0.4622576 0.000306941870717
 1 -0.463056 -0.463056 0
 2 -0.462032 -0.462544 0.000362038671992
 3 -0.462792 -0.462626666667 0.00025061938087
 4 -0.459776 -0.461914 0.000645175170013
 5 -0.459096 -0.4613504 0.000721468369372
 6 -0.465864 -0.462102666667 0.000912719826394
 7 -0.464576 -0.462456 0.000847969194666
 8 -0.464432 -0.462703 0.000777114454248
 9 -0.460632 -0.462472888889 0.000724036361617
 10 -0.465272 -0.4627528 0.000703662146205
 11 -0.459672 -0.462472727273 0.000693193127666
 12 -0.460088 -0.462274 0.000663301590529
 13 -0.458656 -0.461995692308 0.000668118185558
 14 -0.46172 -0.461976 0.000620685598546
 15 -0.458808 -0.4617648 0.00061418875998
 16 -0.462712 -0.461824 0.00057864799317
 17 -0.462456 -0.461861176471 0.000545802810096
 18 -0.461344 -0.461832444444 0.00051623613019
 19 -0.460648 -0.461770105263 0.000492815383471
 20 -0.459064 -0.4616348 0.000486394498324
 1 -0.458824 -0.458824 0
 2 -0.462496 -0.46066 0.00129824805026
 3 -0.46216 -0.46116 0.000956950712765
 4 -0.46192 -0.46135 0.000736333484225
 5 -0.4622 -0.46152 0.000608374621424
 6 -0.463048 -0.461774666667 0.000557739617992
 7 -0.463496 -0.462020571429 0.000529503998058
 8 -0.461048 -0.461899 0.000477067998294
 9 -0.46456 -0.462194666667 0.000507476934951
 10 -0.462536 -0.4622288 0.000457875721133
 11 -0.462048 -0.462212363636 0.000416545559155
 12 -0.46256 -0.462241333333 0.000382839488655
 13 -0.462144 -0.462233846154 0.000353463502896
 14 -0.463208 -0.462303428571 0.000334995061101
 15 -0.46404 -0.4624192 0.000332064829011
 16 -0.460512 -0.4623 0.000332016565849
 17 -0.463384 -0.462363764706 0.000318550431434
 18 -0.460112 -0.462238666667 0.000324488429287
 19 -0.461104 -0.462178947368 0.000312857241549
 20 -0.463752 -0.4622576 0.000306941870717
 1 -0.463056 -0.463056 0
 2 -0.462032 -0.462544 0.000362038671992
 3 -0.462792 -0.462626666667 0.00025061938087
 4 -0.459776 -0.461914 0.000645175170013
 5 -0.459096 -0.4613504 0.000721468369372
 6 -0.465864 -0.462102666667 0.000912719826394
 7 -0.464576 -0.462456 0.000847969194666
 8 -0.464432 -0.462703 0.000777114454248
 9 -0.460632 -0.462472888889 0.000724036361617
 10 -0.465272 -0.4627528 0.000703662146205
 11 -0.459672 -0.462472727273 0.000693193127666
 12 -0.460088 -0.462274 0.000663301590529
 13 -0.458656 -0.461995692308 0.000668118185558
 14 -0.46172 -0.461976 0.000620685598546
 15 -0.458808 -0.4617648 0.00061418875998
 16 -0.462712 -0.461824 0.00057864799317
 17 -0.462456 -0.461861176471 0.000545802810096
 18 -0.461344 -0.461832444444 0.00051623613019
 19 -0.460648 -0.461770105263 0.000492815383471
 20 -0.459064 -0.4616348 0.000486394498324
 1 -0.458824 -0.458824 0
 2 -0.462496 -0.46066 0.00129824805026
 3 -0.46216 -0.46116 0.000956950712765
 4 -0.46192 -0.46135 0.000736333484225
 5 -0.4622 -0.46152 0.000608374621424
 6 -0.463048 -0.461774666667 0.000557739617992
 7 -0.463496 -0.462020571429 0.000529503998058
 8 -0.461048 -0.461899 0.000477067998294
 9 -0.46456 -0.462194666667 0.000507476934951
 10 -0.462536 -0.4622288 0.000457875721133
 11 -0.462048 -0.462212363636 0.000416545559155
 12 -0.46256 -0.462241333333 0.000382839488655
 13 -0.462144 -0.462233846154 0.000353463502896
 14 -0.463208 -0.462303428571 0.000334995061101
 15 -0.46404 -0.4624192 0.000332064829011
 16 -0.460512 -0.4623 0.000332016565849
 17 -0.463384 -0.462363764706 0.000318550431434
 18 -0.460112 -0.462238666667 0.000324488429287
 19 -0.461104 -0.462178947368 0.000312857241549
 20 -0.463752 -0.4622576 0.000306941870717
 1 -0.463056 -0.463056 0
 2 -0.462032 -0.462544 0.000362038671992
 3 -0.462792 -0.462626666667 0.00025061938087
 4 -0.459776 -0.461914 0.000645175170013
 5 -0.459096 -0.4613504 0.000721468369372
 6 -0.465864 -0.462102666667 0.000912719826394
 7 -0.464576 -0.462456 0.000847969194666
 8 -0.464432 -0.462703 0.000777114454248
 9 -0.460632 -0.462472888889 0.000724036361617
 10 -0.465272 -0.4627528 0.000703662146205
 11 -0.459672 -0.462472727273 0.000693193127666
 12 -0.460088 -0.462274 0.000663301590529
 13 -0.458656 -0.461995692308 0.000668118185558
 14 -0.46172 -0.461976 0.000620685598546
 15 -0.458808 -0.4617648 0.00061418875998
 16 -0.462712 -0.461824 0.00057864799317
 17 -0.462456 -0.461861176471 0.000545802810096
 18 -0.461344 -0.461832444444 0.00051623613019
 19 -0.460648 -0.461770105263 0.000492815383471
 20 -0.459064 -0.4616348 0.000486394498324
 1 -0.458824 -0.458824 0
 2 -0.462496 -0.46066 0.00129824805026
 3 -0.46216 -0.46116 0.000956950712765
 4 -0.46192 -0.46135 0.000736333484225
 5 -0.4622 -0.46152 0.000608374621424
 6 -0.463048 -0.461774666667 0.000557739617992
 7 -0.463496 -0.462020571429 0.000529503998058
 8 -0.461048 -0.461899 0.000477067998294
 9 -0.46456 -0.462194666667 0.000507476934951
 10 -0.462536 -0.4622288 0.000457875721133
 11 -0.462048 -0.462212363636 0.000416545559155
 12 -0.46256 -0.462241333333 0.000382839488655
 13 -0.462144 -0.462233846154 0.000353463502896
 14 -0.463208 -0.462303428571 0.000334995061101
 15 -0.46404 -0.4624192 0.000332064829011
 16 -0.460512 -0.4623 0.000332016565849
 17 -0.463384 -0.462363764706 0.000318550431434
 18 -0.460112 -0.462238666667 0.000324488429287
 19 -0.461104 -0.462178947368 0.000312857241549
 20 -0.463752 -0.4622576 0.000306941870717
 1 -0.463056 -0.463056 0
 2 -0.462032 -0.462544 0.000362038671992
 3 -0.462792 -0.462626666667 0.00025061938087
 4 -0.459776 -0.461914 0.000645175170013
 5 -0.459096 -0.4613504 0.000721468369372
 6 -0.465864 -0.462102666667 0.000912719826394
 7 -0.464576 -0.462456 0.000847969194666
 8 -0.464432 -0.462703 0.000777114454248
 9 -0.460632 -0.462472888889 0.000724036361617
 10 -0.465272 -0.4627528 0.000703662146205
 11 -0.459672 -0.462472727273 0.000693193127666
 12 -0.460088 -0.462274 0.000663301590529
 13 -0.458656 -0.461995692308 0.000668118185558
 14 -0.46172 -0.461976 0.000620685598546
 15 -0.458808 -0.4617648 0.00061418875998
 16 -0.462712 -0.461824 0.00057864799317
 17 -0.462456 -0.461861176471 0.000545802810096
 18 -0.461344 -0.461832444444 0.00051623613019
 19 -0.460648 -0.461770105263 0.000492815383471
 20 -0.459064 -0.4616348 0.000486394498324
 1 -0.458824 -0.458824 0
 2 -0.462496 -0.46066 0.00129824805026
 3 -0.46216 -0.46116 0.000956950712765
 4 -0.46192 -0.46135 0.000736333484225
 5 -0.4622 -0.46152 0.000608374621424
 6 -0.463048 -0.461774666667 0.000557739617992
 7 -0.463496 -0.462020571429 0.000529503998058
 8 -0.461048 -0.461899 0.000477067998294
 9 -0.46456 -0.462194666667 0.000507476934951
 10 -0.462536 -0.4622288 0.000457875721133
 11 -0.462048 -0.462212363636 0.000416545559155
 12 -0.46256 -0.462241333333 0.000382839488655
 13 -0.462144 -0.462233846154 0.000353463502896
 14 -0.463208 -0.462303428571 0.000334995061101
 15 -0.46404 -0.4624192 0.000332064829011
 16 -0.460512 -0.4623 0.000332016565849
 17 -0.463384 -0.462363764706 0.000318550431434
 18 -0.460112 -0.462238666667 0.000324488429287
 19 -0.461104 -0.462178947368 0.000312857241549
 20 -0.463752 -0.4622576 0.000306941870717
 1 -0.463056 -0.463056 0
 2 -0.462032 -0.462544 0.000362038671992
 3 -0.462792 -0.462626666667 0.00025061938087
 4 -0.459776 -0.461914 0.000645175170013
 5 -0.459096 -0.4613504 0.000721468369372
 6 -0.465864 -0.462102666667 0.000912719826394
 7 -0.464576 -0.462456 0.000847969194666
 8 -0.464432 -0.462703 0.000777114454248
 9 -0.460632 -0.462472888889 0.000724036361617
 10 -0.465272 -0.4627528 0.000703662146205
 11 -0.459672 -0.462472727273 0.000693193127666
 12 -0.460088 -0.462274 0.000663301590529
 13 -0.458656 -0.461995692308 0.000668118185558
 14 -0.46172 -0.461976 0.000620685598546
 15 -0.458808 -0.4617648 0.00061418875998
 16 -0.462712 -0.461824 0.00057864799317
 17 -0.462456 -0.461861176471 0.000545802810096
 18 -0.461344 -0.461832444444 0.00051623613019
 19 -0.460648 -0.461770105263 0.000492815383471
 20 -0.459064 -0.4616348 0.000486394498324
 1 -0.458824 -0.458824 0
 2 -0.462496 -0.46066 0.00129824805026
 3 -0.46216 -0.46116 0.000956950712765
 4 -0.46192 -0.46135 0.000736333484225
 5 -0.4622 -0.46152 0.000608374621424
 6 -0.463048 -0.461774666667 0.000557739617992
 7 -0.463496 -0.462020571429 0.000529503998058
 8 -0.461048 -0.461899 0.000477067998294
 9 -0.46456 -0.462194666667 0.000507476934951
 10 -0.462536 -0.4622288 0.000457875721133
 11 -0.462048 -0.462212363636 0.000416545559155
 12 -0.46256 -0.462241333333 0.000382839488655
 13 -0.462144 -0.462233846154 0.000353463502896
 14 -0.463208 -0.462303428571 0.000334995061101
 15 -0.46404 -0.4624192 0.000332064829011
 16 -0.460512 -0.4623 0.000332016565849
 17 -0.463384 -0.462363764706 0.000318550431434
 18 -0.460112 -0.462238666667 0.000324488429287
 19 -0.461104 -0.462178947368 0.000312857241549
 20 -0.463752 -0.4622576 0.000306941870717
 1 -0.463056 -0.463056 0
 2 -0.462032 -0.462544 0.000362038671992
 3 -0.462792 -0.462626666667 0.00025061938087
 4 -0.459776 -0.461914 0.000645175170013
 5 -0.459096 -0.4613504 0.000721468369372
 6 -0.465864 -0.462102666667 0.000912719826394
 7 -0.464576 -0.462456 0.000847969194666
 8 -0.464432 -0.462703 0.000777114454248
 9 -0.460632 -0.462472888889 0.000724036361617
 10 -0.465272 -0.4627528 0.000703662146205
 11 -0.459672 -0.462472727273 0.000693193127666
 12 -0.460088 -0.462274 0.000663301590529
 13 -0.458656 -0.461995692308 0.000668118185558
 14 -0.46172 -0.461976 0.000620685598546
 15 -0.458808 -0.4617648 0.00061418875998
 16 -0.462712 -0.461824 0.00057864799317
 17 -0.462456 -0.461861176471 0.000545802810096
 18 -0.461344 -0.461832444444 0.00051623613019
 19 -0.460648 -0.461770105263 0.000492815383471
 20 -0.459064 -0.4616348 0.000486394498324
 1 -0.458824 -0.458824 0
 2 -0.462496 -0.46066 0.00129824805026
 3 -0.46216 -0.46116 0.000956950712765
 4 -0.46192 -0.46135 0.000736333484225
 5 -0.4622 -0.46152 0.000608374621424
 6 -0.463048 -0.461774666667 0.000557739617992
 7 -0.463496 -0.462020571429 0.000529503998058
 8 -0.461048 -0.461899 0.000477067998294
 9 -0.46456 -0.462194666667 0.000507476934951
 10 -0.462536 -0.4622288 0.000457875721133
 11 -0.462048 -0.462212363636 0.000416545559155
 12 -0.46256 -0.462241333333 0.000382839488655
 13 -0.462144 -0.462233846154 0.000353463502896
 14 -0.463208 -0.462303428571 0.000334995061101
 15 -0.46404 -0.4624192 0.000332064829011
 16 -0.460512 -0.4623 0.000332016565849
 17 -0.463384 -0.462363764706 0.000318550431434
 18 -0.460112 -0.462238666667 0.000324488429287
 19 -0.461104 -0.462178947368 0.000312857241549
 20 -0.463752 -0.4622576 0.000306941870717
