 1 0.2367471872 0.2367471872 0
 2 0.2415689528 0.23915807 0.00170475157653
 3 0.2330294968 0.237115212267 0.00201836892516
 4 0.2335258552 0.236217873 0.00170159724922
 5 0.2329691648 0.23556813136 0.00148013803615
 6 0.2265518008 0.2340654096 0.00184477788328
 7 0.2400602848 0.234921820343 0.00176889132193
 8 0.2339955 0.2348060303 0.00155156503467
 9 0.23569838 0.234905180267 0.00138233328948
 10 0.2293947648 0.23435413872 0.00134946908795
 11 0.2326228792 0.234196751491 0.0012359339605
 12 0.2311395808 0.233941987267 0.00115889943671
 13 0.2361041408 0.234108306769 0.00108162215957
 14 0.2342575072 0.234118963943 0.00100441593484
 15 0.2375564928 0.234348132533 0.000963243824103
 16 0.2313731192 0.2341621942 0.000920812385172
 17 0.2319806592 0.234033868612 0.000875543099981
 18 0.2351886328 0.234098022178 0.000829248844145
 19 0.2345314872 0.234120836126 0.000785917929403
 20 0.23049208 0.23393939832 0.000767279710238
 1 0.2367471872 0.2367471872 0
 2 0.2415689528 0.23915807 0.00170475157653
 3 0.2330294968 0.237115212267 0.00201836892516
 4 0.2335258552 0.236217873 0.00170159724922
 5 0.2329691648 0.23556813136 0.00148013803615
 6 0.2265518008 0.2340654096 0.00184477788328
 7 0.2400602848 0.234921820343 0.00176889132193
 8 0.2339955 0.2348060303 0.00155156503467
 9 0.23569838 0.234905180267 0.00138233328948
 10 0.2293947648 0.23435413872 0.00134946908795
 11 0.2326228792 0.234196751491 0.0012359339605
 12 0.2311395808 0.233941987267 0.00115889943671
 13 0.2361041408 0.234108306769 0.00108162215957
 14 0.2342575072 0.234118963943 0.00100441593484
 15 0.2375564928 0.234348132533 0.000963243824103
 16 0.2313731192 0.2341621942 0.000920812385172
 17 0.2319806592 0.234033868612 0.000875543099981
 18 0.2351886328 0.234098022178 0.000829248844145
 19 0.2345314872 0.234120836126 0.000785917929403
 20 0.23049208 0.23393939832 0.000767279710238
 1 0.2367471872 0.2367471872 0
 2 0.2415689528 0.23915807 0.00170475157653
 3 0.2330294968 0.237115212267 0.00201836892516
 4 0.2335258552 0.236217873 0.00170159724922
 5 0.2329691648 0.23556813136 0.00148013803615
 6 0.2265518008 0.2340654096 0.00184477788328
 7 0.2400602848 0.234921820343 0.00176889132193
 8 0.2339955 0.2348060303 0.00155156503467
 9 0.23569838 0.234905180267 0.00138233328948
 10 0.2293947648 0.23435413872 0.00134946908795
 11 0.2326228792 0.234196751491 0.0012359339605
 12 0.2311395808 0.233941987267 0.00115889943671
 13 0.2361041408 0.234108306769 0.00108162215957
 14 0.2342575072 0.234118963943 0.00100441593484
 15 0.2375564928 0.234348132533 0.000963243824103
 16 0.2313731192 0.2341621942 0.000920812385172
 17 0.2319806592 0.234033868612 0.000875543099981
 18 0.2351886328 0.234098022178 0.000829248844145
 19 0.2345314872 0.234120836126 0.000785917929403
 20 0.23049208 0.23393939832 0.000767279710238
 1 0.2353063928 0.2353063928 0
 2 0.2333054208 0.2343059068 0.00070745043508
 3 0.2357033912 0.234771734933 0.000605889572922
 4 0.2335189728 0.2344585444 0.000529208093125
 5 0.23614718 0.23479627152 0.000520083510408
 6 0.2322762112 0.234376261467 0.000578658045058
 7 0.2356007808 0.2345511928 0.000521764384819
 8 0.2351245952 0.2346228681 0.000461440629871
 9 0.2329795 0.234440271644 0.000444832367308
 10 0.2378755072 0.2347837952 0.000516223804422
 11 0.23909758 0.235175957455 0.00060003951215
 12 0.23236718 0.234941892667 0.000593936562755
 13 0.2323212928 0.234740308062 0.000581453002039
 14 0.2345827712 0.234729055429 0.000540029517679
 15 0.2319060728 0.234540856587 0.000535818366128
 16 0.2340684152 0.234511329 0.000503142655525
 17 0.2356038112 0.234575592659 0.000477632420077
 18 0.2354933688 0.234626580222 0.000453810602772
 19 0.2403544032 0.234928044589 0.000520513006078
 20 0.2312963968 0.2347464622 0.000525205960533
 1 0.2380600888 0.2380600888 0
 2 0.2360617728 0.2370609308 0.000706511397275
 3 0.2368808832 0.237000914933 0.000473549814746
 4 0.2348402688 0.2364607534 0.000587342459116
 5 0.2392961208 0.23702782688 0.00069140394164
 6 0.2311648568 0.2360506652 0.0010619208713
 7 0.23180928 0.235444753029 0.00106919553229
 8 0.2312906368 0.2349254885 0.00105412413037
 9 0.2327118008 0.2346795232 0.000965269069737
 10 0.2318255072 0.2343941216 0.000909956928276
 11 0.2335326392 0.234315805018 0.000830596941069
 12 0.2327777152 0.234187630867 0.000771206763741
 13 0.23471928 0.234228526954 0.000712966675002
 14 0.2348239232 0.234271055257 0.000663307673095
 15 0.2308628088 0.234043838827 0.000656851885484
 16 0.2325844992 0.2339526301 0.000622098915455
 17 0.2338515 0.233946681271 0.000585533303795
 18 0.2312819168 0.2337986388 0.000571412330247
 19 0.2386984632 0.234056524295 0.000596700507864
 20 0.2412333312 0.23441536464 0.000666081488209
 1 0.2331655808 0.2331655808 0
 2 0.2382534648 0.2357095228 0.00179883863915
 3 0.23045312 0.233957388533 0.00186675978129
 4 0.2387342048 0.2351515926 0.00174062863937
 5 0.2301459168 0.23415045744 0.00165556082504
 6 0.2412825528 0.23533914 0.0017552384136
 7 0.2385344248 0.235795609257 0.00156271822093
 8 0.2323439328 0.2353641497 0.00142569684295
 9 0.234606 0.235279910844 0.00126977231621
 10 0.2308631352 0.23483823328 0.00121719011219
 11 0.23709022 0.235042959345 0.00112362158245
 12 0.23291448 0.234865586067 0.00104389252084
 13 0.23920312 0.235199242523 0.0010155169614
 14 0.2366197472 0.235300707143 0.000948035365638
 15 0.2366207992 0.23538871328 0.000888908428027
 16 0.2404512512 0.2357051219 0.000887880756953
 17 0.2336329592 0.235583229976 0.000843977917173
 18 0.2336273152 0.235474568044 0.000804054925197
 19 0.23601662 0.235503097095 0.000762242203204
 20 0.2405913592 0.2357575102 0.000765411078033
 1 0.2311245952 0.2311245952 0
 2 0.2366767328 0.233900664 0.00196297707352
 3 0.2313967288 0.233066018933 0.00147546265017
 4 0.2400371072 0.234808791 0.00187149612618
 5 0.23841248 0.2355295288 0.00163008249523
 6 0.2366774752 0.2357208532 0.00136958402356
 7 0.2372367872 0.2359374152 0.00119092775108
 8 0.2384235512 0.2362481822 0.00108184882038
 9 0.2386161888 0.236511294044 0.000993123295988
 10 0.2367010168 0.23653026632 0.000893992167837
 11 0.23530528 0.236418903927 0.000819626873846
 12 0.2331041208 0.236142672 0.000796513722858
 13 0.2396690912 0.236413935015 0.00078006810964
 14 0.2397459512 0.236651936171 0.000759789395363
 15 0.2331631072 0.236419347573 0.000743885687492
 16 0.2350082272 0.23633115255 0.000702601577471
 17 0.2364580352 0.236338616235 0.000661311714819
 18 0.23408862 0.236213616444 0.000636276116932
 19 0.2316744928 0.2359747152 0.000646082945785
 20 0.2367287992 0.2360124194 0.000614877987772
 1 0.2359464672 0.2359464672 0
 2 0.2318343928 0.23389043 0.00145383784649
 3 0.2322880992 0.233356319733 0.00106281704275
 4 0.23204318 0.2330280348 0.000846296068419
 5 0.22709358 0.23184114384 0.00125910564426
 6 0.2335755232 0.232130207067 0.00108192731908
 7 0.2335687032 0.232335706514 0.000946681238731
 8 0.2403147488 0.2333330868 0.00124762924771
 9 0.23053502 0.233022190489 0.00114708599414
 10 0.23491758 0.23321172944 0.00104791965232
 11 0.2355192832 0.233421507055 0.000973424945235
 12 0.23632288 0.233663288133 0.000921844312645
 13 0.2365073528 0.233882062338 0.000876508858764
 14 0.23202368 0.233749320743 0.000823891199887
 15 0.2336788792 0.23374462464 0.000768978503452
 16 0.23309598 0.23370408435 0.000721985191402
 17 0.2345985248 0.233756698494 0.000681429886191
 18 0.2406836152 0.2341415272 0.00074434637001
 19 0.2342040888 0.234144819916 0.000705177528119
 20 0.2361214968 0.23424365376 0.000676809221447
 1 0.2346194552 0.2346194552 0
 2 0.2332247992 0.2339221272 0.000493085357514
 3 0.2276714208 0.2318385584 0.00173269495761
 4 0.2310472952 0.2316407426 0.00131076455347
 5 0.2412822648 0.23356904704 0.00201848279359
 6 0.2341422592 0.2336645824 0.00168432833506
 7 0.2337512952 0.233676969943 0.00144375555341
 8 0.22996622 0.2332131262 0.0013357203803
 9 0.2317878752 0.233054764978 0.00119665773091
 10 0.2419315 0.23394243848 0.00136714282323
 11 0.2381790008 0.234327580509 0.00129597192856
 12 0.2258415928 0.233620414867 0.00136736699648
 13 0.2358868088 0.233794752862 0.00127325037937
 14 0.2315795 0.233636520514 0.00119209548804
 15 0.2333422968 0.2336169056 0.00111278381714
 16 0.2410115 0.23407906775 0.001135157762
 17 0.239344 0.234388769647 0.00110982750166
 18 0.2355792768 0.234454908933 0.00105013932806
 19 0.23563512 0.234517025305 0.000996704254398
 20 0.2341580768 0.23449907788 0.000947030615481
 1 0.23377102 0.23377102 0
 2 0.2336697568 0.2337203884 3.58019476688e-05
 3 0.2381520352 0.235197604 0.00120637762151
 4 0.2324889208 0.2345204332 0.00107821745834
 5 0.2329325112 0.2342028488 0.000908141910102
 6 0.2383393248 0.234892261467 0.000984275508671
 7 0.2382898872 0.235377636571 0.000955878436132
 8 0.2349769952 0.2353275564 0.000837704498992
 9 0.2328611968 0.235053516444 0.000788176310176
 10 0.2345499392 0.23500315872 0.000710965573054
 11 0.23610808 0.235103606109 0.00065338956767
 12 0.2325611488 0.234891734667 0.000632359362137
 13 0.2350607328 0.234904734523 0.000583849942588
 14 0.2384172768 0.2351556304 0.000593611905725
 15 0.2380466912 0.235348367787 0.000584490416578
 16 0.2364355072 0.235416314 0.000551894962439
 17 0.2323967992 0.235238695482 0.000547266527848
 18 0.2352698232 0.2352404248 0.000516865564101
 19 0.23364088 0.235156238232 0.000496470889026
 20 0.2356631928 0.23518158596 0.000472293975839
 1 0.2402172408 0.2402172408 0
 2 0.2340706808 0.2371439608 0.00217313712848
 3 0.2372135648 0.237167162133 0.001448881934
 4 0.2272151032 0.2346791474 0.00241319209616
 5 0.2402011192 0.23578354176 0.00216859102217
 6 0.2343996088 0.235552886267 0.00181938431461
 7 0.24462648 0.236849113943 0.00196777297798
 8 0.2368591672 0.2368503706 0.001721801757
 9 0.2346099168 0.236601431289 0.00154838178687
 10 0.2354028088 0.23648156904 0.00139817525752
 11 0.2291625952 0.235816207782 0.00142058951068
 12 0.2381017312 0.236006668067 0.00131491269608
 13 0.2366081208 0.236052933662 0.00121457922725
 14 0.2309996512 0.235691984914 0.00118023895851
 15 0.235054 0.235649452587 0.00110232246463
 16 0.2377807328 0.2357826576 0.00104144448166
 17 0.2368808192 0.235847255341 0.00098218440239
 18 0.2332261752 0.235701639778 0.000938350771056
 19 0.2344830712 0.235637504589 0.000891152975954
 20 0.2324732408 0.2354792914 0.000860525124921
 1 0.2348486328 0.2348486328 0
 2 0.2320824312 0.233465532 0.000977999954746
 3 0.2341119968 0.233681020267 0.00067532270511
 4 0.2288640312 0.232476773 0.00115939328303
 5 0.2301928832 0.23201999504 0.00101350888798
 6 0.2392749952 0.233229161733 0.00138986939253
 7 0.23001038 0.232769335771 0.00126509663952
 8 0.23577358 0.2331448663 0.00116135900874
 9 0.2326941408 0.233094785689 0.00103339835332
 10 0.2381402592 0.23359933304 0.00104600194715
 11 0.2362635832 0.2338415376 0.000978550719226
 12 0.2335232512 0.233815013733 0.000897364222041
 13 0.2309500128 0.233594629046 0.000854970274516
 14 0.2361908792 0.233780075486 0.000813764508306
 15 0.2345675648 0.233832574773 0.000761205129567
 16 0.2288074808 0.2335185064 0.000775719996798
 17 0.2312775648 0.233386686306 0.000741205054446
 18 0.2346798008 0.233458526 0.000703499834834
 19 0.2319781632 0.233380612168 0.000670774198145
 20 0.24159038 0.23379110056 0.000752425910711
 1 0.2358534528 0.2358534528 0
 2 0.231486 0.2336697264 0.0015441277457
 3 0.23276958 0.2333696776 0.00105816915652
 4 0.2353951352 0.233876042 0.000906723377795
 5 0.2360269952 0.23430623264 0.000821112325479
 6 0.2350648248 0.234432664667 0.000693925788486
 7 0.2333560288 0.234278859543 0.000611601121747
 8 0.2338341688 0.2342232732 0.0005376710745
 9 0.2399908472 0.234864114756 0.000770366119069
 10 0.2405142072 0.235429124 0.000876366194681
 11 0.23273662 0.235184350909 0.000830176203449
 12 0.2429094272 0.235828107267 0.000979285569756
 13 0.2454773112 0.236570353723 0.00115138476398
 14 0.2341110392 0.2363946884 0.00108246056975
 15 0.2339474872 0.236231541653 0.00102251723
 16 0.2406559288 0.23650806585 0.000995298686701
 17 0.2360678272 0.236482169459 0.00093708853996
 18 0.2364640888 0.236481164978 0.000885028603878
 19 0.23447808 0.236375739453 0.000844704011757
 20 0.2348845688 0.23630118092 0.000805752579237
 1 0.2348216568 0.2348216568 0
 2 0.23493278 0.2348772184 3.92879841365e-05
 3 0.2311438072 0.233632748 0.00101644334387
 4 0.22681102 0.231927316 0.00166208440898
 5 0.2345002232 0.23244189744 0.00140707177484
 6 0.2368210688 0.233171759333 0.00134863332045
 7 0.2336432768 0.233239118971 0.00115765238751
 8 0.2310721792 0.2329682515 0.00104415387352
 9 0.237128 0.233430445778 0.00102534163876
 10 0.2332045048 0.23340785168 0.000923056379445
 11 0.2371788032 0.233750665455 0.000900553774559
 12 0.2363159168 0.2339644364 0.000850501434879
 13 0.2322935288 0.233835905046 0.000794731005279
 14 0.23590382 0.233983613257 0.000751565644393
 15 0.2348706048 0.234042746027 0.000703783690335
 16 0.2366895288 0.23420816995 0.000678960319292
 17 0.2372501688 0.234387111059 0.000662181881161
 18 0.23182648 0.234244853778 0.000640492390756
 19 0.2316195 0.234106677263 0.000621508314252
 20 0.2341044992 0.23410656836 0.000590432908082
 1 0.2399313912 0.2399313912 0
 2 0.2346445048 0.237287948 0.0018691966124
 3 0.2345928192 0.236389571733 0.00144599306139
 4 0.2330799072 0.2355621556 0.00129984308896
 5 0.2324706808 0.23494386064 0.00117778174627
 6 0.2381985248 0.235486304667 0.00109932569873
 7 0.2411439232 0.236294535886 0.00120324896276
 8 0.2422955832 0.2370446668 0.00126524202855
 9 0.2383644672 0.237191311289 0.00113312593229
 10 0.23890958 0.23736313816 0.00103275905845
 11 0.2358913408 0.2372293384 0.000947499486973
 12 0.2372127968 0.237227959933 0.000868542199121
 13 0.2304474488 0.236706382154 0.00094545755094
 14 0.2315441632 0.236337652229 0.000947102042443
 15 0.2393635072 0.236539375893 0.000905189626294
 16 0.23672288 0.2365508449 0.000848687929307
 17 0.2303644288 0.236186938071 0.00087330635425
 18 0.2350142688 0.236121789778 0.000827215783232
 19 0.2305736448 0.235829782147 0.000833625829434
 20 0.2327892408 0.23567775508 0.000805687761457
 1 0.23540382 0.23540382 0
 2 0.2329266432 0.2341652316 0.00087581425674
 3 0.2314387192 0.233256394133 0.000944229003186
 4 0.2364856832 0.2340637164 0.00099515534595
 5 0.2310206392 0.23345510096 0.000964439768514
 6 0.2316824248 0.233159654933 0.000847746232952
 7 0.2307473528 0.232815040343 0.000793598615815
 8 0.229278 0.2323729103 0.000808228792413
 9 0.23679822 0.232864611378 0.000855009915245
 10 0.2370899128 0.23328714152 0.000867653463465
 11 0.2374041472 0.233661414764 0.000865744336345
 12 0.2325527008 0.233569021933 0.000798513868755
 13 0.2316341688 0.233420187077 0.000750832265864
 14 0.2396532408 0.2338654052 0.000818627169294
 15 0.2325204992 0.2337757448 0.000768946390361
 16 0.2351910368 0.23386420055 0.000725957166547
 17 0.23770462 0.234090107576 0.000717542853029
 18 0.2362275512 0.234208854444 0.000687434910685
 19 0.2360024248 0.234303252884 0.000657703579512
 20 0.2375244928 0.23446431488 0.000644237496435
 1 0.2300397312 0.2300397312 0
 2 0.2360960888 0.23306791 0.00214124576413
 3 0.2388010208 0.234978946933 0.00211481826519
 4 0.2298484192 0.233696315 0.00193639230868
 5 0.2397434752 0.23490574704 0.00188942700264
 6 0.2372678072 0.235299423733 0.00161501462088
 7 0.2411531128 0.236135665029 0.0015860899123
 8 0.2349336288 0.2359854105 0.00139492752384
 9 0.2354191872 0.2359224968 0.0012413535256
 10 0.2313324472 0.23546349184 0.00119908024925
 11 0.2272006112 0.234712320873 0.00130430851457
 12 0.2374071352 0.234936888733 0.00121479467976
 13 0.2298673848 0.234546926892 0.00118228421341
 14 0.23478752 0.234564112114 0.00109796023276
 15 0.23512248 0.23460133664 0.00102539370774
 16 0.2303332832 0.2343345833 0.000995399613978
 17 0.2245322232 0.233757973882 0.00109114737651
 18 0.2321929728 0.233671029378 0.0010339862196
 19 0.23530302 0.233756923621 0.000983127078214
 20 0.2319052512 0.23366434 0.000938320017051
 1 0.2398253312 0.2398253312 0
 2 0.2348499768 0.237337654 0.00175905341752
 3 0.2349053408 0.236526882933 0.00134664909386
 4 0.2358763488 0.2363642494 0.00101976008306
 5 0.2374375808 0.23657891568 0.000838097900426
 6 0.2339087328 0.2361338852 0.000807977002411
 7 0.2357060992 0.236072772914 0.000694859022448
 8 0.23033528 0.2353555863 0.000905388347415
 9 0.2347851232 0.235292201511 0.000807005325927
 10 0.2305644472 0.23481942608 0.00085362966224
 11 0.2351370208 0.234848298327 0.000776515084007
 12 0.2343027168 0.2348028332 0.000713135248139
 13 0.2351151032 0.234826853969 0.000658683116093
 14 0.2329532408 0.234693024457 0.000625082052519
 15 0.2316637568 0.23449107328 0.000615168640134
 16 0.2353211768 0.23454295475 0.00057890422965
 17 0.2360688952 0.234632715953 0.000551766058652
 18 0.2338710392 0.234590400578 0.000522732470183
 19 0.2330338272 0.234508475663 0.00050159896907
 20 0.2334762752 0.23445686564 0.000479166768229
 1 0.2381875968 0.2381875968 0
 2 0.2356426112 0.236915104 0.000899788287892
 3 0.2395831992 0.237804469067 0.000941883289712
 4 0.23004078 0.2358635468 0.00182329454775
 5 0.23544608 0.23578005344 0.00146054607526
 6 0.2322132448 0.235185585333 0.00133262106855
 7 0.2349930872 0.2351580856 0.00114253033478
 8 0.2392858112 0.2356740513 0.00111012215353
 9 0.2381685472 0.235951217511 0.00102078931181
 10 0.23285368 0.23564146376 0.000964562808303
 11 0.2297515 0.235106012509 0.00101466937068
 12 0.2366642688 0.2352358672 0.000938386031404
 13 0.23431992 0.235165409723 0.000868843567508
 14 0.2390813048 0.235445116514 0.000850615615238
 15 0.2302534528 0.2350990056 0.000861450141525
 16 0.2325888568 0.2349421213 0.00082177095821
 17 0.2325684792 0.234802495294 0.000785203732712
 18 0.23027512 0.234550974444 0.000780827106604
 19 0.2393073848 0.234801311832 0.000778827527307
 20 0.2326790008 0.23469519628 0.000747080317722
 1 0.2301729912 0.2301729912 0
 2 0.2346515968 0.232412294 0.00158342619501
 3 0.2371595488 0.233994712267 0.00166844037233
 4 0.2376960312 0.234920042 0.00148593532979
 5 0.2364366008 0.23522335376 0.00121931163111
 6 0.2264949888 0.233768626267 0.00167211595607
 7 0.2344444032 0.233865165829 0.00143602639816
 8 0.2345161088 0.2339465337 0.00125882621357
 9 0.2307119072 0.233587130756 0.00116913735323
 10 0.2343722752 0.2336656452 0.00105485667665
 11 0.2311256952 0.233434740655 0.000983908216633
 12 0.2332494048 0.233419296 0.000902037076413
 13 0.2359273912 0.2336122264 0.000853032396294
 14 0.23205998 0.233501351657 0.000799274624742
 15 0.2321273592 0.23340975216 0.000751220114813
 16 0.2329585272 0.2333815506 0.000704798016331
 17 0.23936832 0.233733713506 0.000746151816605
 18 0.2370674048 0.233918918578 0.00072732104682
 19 0.2337809792 0.233911658611 0.000689077224512
 20 0.2327407072 0.23385311104 0.000657105908415
 1 0.2359752888 0.2359752888 0
 2 0.2312497632 0.233612526 0.00167072559822
 3 0.2293488888 0.2321913136 0.00160846248924
 4 0.2394507392 0.23400617 0.00198130022405
 5 0.2351095928 0.23422685456 0.0015972832278
 6 0.2312564448 0.233731786267 0.00140569892854
 7 0.2351558272 0.233935220686 0.00121951658905
 8 0.2377605368 0.2344133852 0.0011570283042
 9 0.2394783608 0.234976160267 0.001157270435
 10 0.2307687032 0.23455541456 0.00111540884481
 11 0.2313949312 0.234268097891 0.00105036115247
 12 0.2339790208 0.234244008133 0.000963107262952
 13 0.2317729592 0.234053927446 0.00090758562132
 14 0.23356088 0.234018709771 0.000843441088104
 15 0.2323143928 0.23390508864 0.000794827870284
 16 0.2343908408 0.23393544815 0.000745730713964
 17 0.23822222 0.2341876112 0.00074327598914
 18 0.23480768 0.234222059467 0.000702780704154
 19 0.2303256568 0.234016985642 0.000695069171349
 20 0.2318685368 0.2339095632 0.000668565211899
 1 0.2353902968 0.2353902968 0
 2 0.2366855648 0.2360379308 0.000457946393127
 3 0.2311967992 0.234424220267 0.00135249685595
 4 0.2334787328 0.2341878484 0.00103482153112
 5 0.2340488312 0.23416004496 0.000828230650144
 6 0.2373708672 0.234695182 0.000845581650458
 7 0.2358466488 0.234859677257 0.000740611506265
 8 0.23305998 0.2346347151 0.000681345305233
 9 0.23483 0.234656413422 0.000605985678386
 10 0.2317162112 0.2343623932 0.000612576690969
 11 0.2380135608 0.234694317527 0.000640532666542
 12 0.235152 0.234732457733 0.000588289368446
 13 0.2342222592 0.234693211692 0.000544343859621
 14 0.2345609728 0.234683766057 0.000505544100617
 15 0.2384279168 0.234933376107 0.000529892044838
 16 0.2344161792 0.2349010513 0.000497758764623
 17 0.2359681272 0.234963820471 0.000472419968776
 18 0.2321020128 0.234804831156 0.000472170413745
 19 0.2344549112 0.234786414316 0.000447678366412
 20 0.23275262 0.2346847246 0.000436691110465
 1 0.2314961408 0.2314961408 0
 2 0.2352708792 0.23338351 0.00133457155992
 3 0.2347800888 0.233849036267 0.000967506142616
 4 0.2373727288 0.2347299594 0.0010528805733
 5 0.2344031968 0.23466460688 0.000844330244951
 6 0.2388908728 0.235368984533 0.000953163962502
 7 0.2288167608 0.234432952571 0.00119099787037
 8 0.2395378488 0.2350710646 0.00120096179068
 9 0.2360655928 0.235181567733 0.00107259336184
 10 0.2420451192 0.23586792288 0.00116440750157
 11 0.2320315 0.235519157164 0.00110955508435
 12 0.2379076832 0.235718201 0.00103479146434
 13 0.2368304608 0.235803759446 0.000958722660425
 14 0.2302567032 0.235407541143 0.000968662533585
 15 0.2380245112 0.235582005813 0.000919662150139
 16 0.2402955192 0.2358766004 0.000908141966372
 17 0.23752632 0.235973642729 0.000859891098931
 18 0.22941182 0.235609097022 0.000886029609816
 19 0.2361634872 0.235638275453 0.000839876782189
 20 0.2361070208 0.23566171272 0.000798209891623
 1 0.23853312 0.23853312 0
 2 0.2421426912 0.2403379056 0.00127617613635
 3 0.2330247032 0.237900171467 0.00216460898067
 4 0.23642752 0.2375320086 0.00165446961119
 5 0.2297131488 0.23596823664 0.00192565801706
 6 0.23384238 0.2356139272 0.00163698592732
 7 0.22902432 0.234672554743 0.00165177501108
 8 0.23494222 0.2347062629 0.00144564703888
 9 0.2395082208 0.235239813778 0.00137997143434
 10 0.2346700768 0.23518284008 0.00124314984667
 11 0.22699822 0.234438783709 0.00133435328462
 12 0.23698462 0.234650936733 0.00123990791778
 13 0.2372280888 0.2348491792 0.00116027013946
 14 0.24284462 0.235420282114 0.00120980935978
 15 0.23787902 0.235584197973 0.00114020572903
 16 0.2400982072 0.23586632355 0.00110329462286
 17 0.23340862 0.235721752753 0.00104782408409
 18 0.2351871968 0.2356920552 0.000990032391287
 19 0.2365482208 0.235737116547 0.000938950347466
 20 0.2330075 0.23560063572 0.000901867348516
 1 0.23027 0.23027 0
 2 0.23707262 0.23367131 0.00240508936592
 3 0.2354197472 0.2342541224 0.00167251776917
 4 0.2328995 0.2339154668 0.00128821806623
 5 0.2337095608 0.2338742856 0.00103123247434
 6 0.2301961088 0.233261256133 0.0010255102282
 7 0.2361605048 0.233675434514 0.000959006723879
 8 0.23082232 0.2333187952 0.000903013449455
 9 0.2354161848 0.233551838489 0.000832206579864
 10 0.2319028792 0.23338694256 0.000765148032604
 11 0.2395375072 0.2339460848 0.000876391720036
 12 0.2334682552 0.233906265667 0.000804263165396
 13 0.2340296928 0.233915760062 0.000742452807012
 14 0.2283529592 0.233518417143 0.000788609363519
 15 0.23306528 0.233488208 0.000736613787298
 16 0.2298545272 0.23326110295 0.00072473966235
 17 0.2365713528 0.233455823529 0.000707783127878
 18 0.2364700472 0.2336232804 0.000687986308786
 19 0.23551598 0.233722896168 0.000658948884393
 20 0.2366089728 0.2338672 0.000641607527322
 1 0.2381449728 0.2381449728 0
 2 0.2338988288 0.2360219008 0.00150123860815
 3 0.2309373048 0.234327035467 0.0017078342498
 4 0.2368371072 0.2349545534 0.00139139375949
 5 0.2322925952 0.23442216176 0.00121069306878
 6 0.2390453432 0.235192692 0.00122990456035
 7 0.2353644472 0.235217228457 0.00105444863024
 8 0.2369975608 0.23543977 0.000945834776151
 9 0.2349219512 0.235382234578 0.000842490154597
 10 0.2357865272 0.23542266384 0.000759210575401
 11 0.2341658752 0.235308410327 0.000698735545979
 12 0.2326300032 0.235085209733 0.00067521620831
 13 0.2455179232 0.235887726154 0.000991446030295
 14 0.2318869888 0.2356019592 0.000960929994064
 15 0.2356311032 0.235603902133 0.000896869958695
 16 0.2335061688 0.2354727938 0.000850344581922
 17 0.2344113912 0.235410358353 0.000802613160283
 18 0.2350534112 0.235390527956 0.0007582684784
 19 0.2332875 0.235279842274 0.000726393175028
 20 0.2346280672 0.23524725352 0.000690804157044
 1 0.2328742072 0.2328742072 0
 2 0.2415442688 0.237209238 0.00306532967533
 3 0.2342994872 0.236239321067 0.00219163605097
 4 0.2332695928 0.235496889 0.00176500498765
 5 0.2365861688 0.23571474496 0.00142538564731
 6 0.2412055288 0.2366298756 0.00145217297654
 7 0.234494 0.236324750514 0.00127637308289
 8 0.23753848 0.2364764667 0.00112580721697
 9 0.2335441848 0.2361506576 0.00104680108809
 10 0.2402653368 0.23656212552 0.00101978782297
 11 0.2368725112 0.2365903424 0.000927470128465
 12 0.2330960128 0.236299148267 0.000894726496915
 13 0.23365408 0.236095681477 0.000848720984124
 14 0.2361741792 0.236101288457 0.000788116577413
 15 0.2323942368 0.23585415168 0.000773353793264
 16 0.2331062912 0.2356824104 0.000743844364527
 17 0.23841248 0.235843002729 0.000717214884518
 18 0.2356537912 0.235832490978 0.000677446640727
 19 0.2436274552 0.236242752253 0.000755878339961
 20 0.2287451872 0.235867874 0.000805699855767
 1 0.2282732928 0.2282732928 0
 2 0.2360024192 0.232137856 0.00273265884504
 3 0.2392228472 0.234499519733 0.00265276440696
 4 0.2359102392 0.2348521996 0.00201288083431
 5 0.23904512 0.23569078368 0.00177641766749
 6 0.23467968 0.2355222664 0.00148831966627
 7 0.23645792 0.2356559312 0.00128169068152
 8 0.237864 0.2359319398 0.00115081452811
 9 0.23425838 0.235745988711 0.00103786071008
 10 0.2384615992 0.23601754976 0.000968951131023
 11 0.2269210112 0.235190591709 0.00118220688505
 12 0.2315003128 0.234883068467 0.00112297502724
 13 0.2349389952 0.234887370523 0.00103660057327
 14 0.2343606072 0.234849744571 0.000963240296076
 15 0.22969912 0.2345063696 0.000958274801774
 16 0.2356871992 0.23458017145 0.000901220082659
 17 0.2390072448 0.234840587529 0.000885032583086
 18 0.237422 0.234983999333 0.000847403765353
 19 0.2295765112 0.234699394695 0.000849252742355
 20 0.2366370168 0.2347962758 0.000812297313203
 1 0.2345608192 0.2345608192 0
 2 0.2353406392 0.2349507292 0.000275708005056
 3 0.2349914368 0.2349642984 0.00018413894372
 4 0.2394628472 0.2360889356 0.000983706966492
 5 0.2338095488 0.23563305824 0.000886326208166
 6 0.23843 0.2360992152 0.000852421762828
 7 0.2291978168 0.235113301143 0.00116919244066
 8 0.2337623608 0.2349444336 0.00103516640446
 9 0.2320423552 0.234621980444 0.000969069311295
 10 0.2308802272 0.23424780512 0.000941633513346
 11 0.2357195488 0.2343816 0.000865483598807
 12 0.2366409592 0.234569879933 0.000813581745838
 13 0.23873998 0.234890656862 0.000811776704757
 14 0.2297991992 0.234526981314 0.000831273801793
 15 0.2419138272 0.235019437707 0.00091010855235
 16 0.2308435968 0.23475844765 0.000889862061734
 17 0.2330990208 0.234660834306 0.000842854074618
 18 0.2365020152 0.234763122133 0.000802211605653
 19 0.2351562208 0.234783811537 0.000760256689965
 20 0.2362557152 0.23485740672 0.000725797234216
 1 0.2366286048 0.2366286048 0
 2 0.23591022 0.2362694124 0.000253987381794
 3 0.2311631672 0.234567330667 0.00140002109993
 4 0.2314484992 0.2337876228 0.00124839557058
 5 0.2305417472 0.23313844768 0.00115523903568
 6 0.2338419168 0.233255692533 0.000968630496683
 7 0.2336358272 0.233309997486 0.000831775585138
 8 0.23373432 0.2333630378 0.000729492802977
 9 0.23380728 0.233412398044 0.000650105852757
 10 0.2352067328 0.23359183152 0.000609354746401
 11 0.23520992 0.233738930473 0.000571438028747
 12 0.2320725728 0.233600067333 0.000540427198177
 13 0.22808352 0.233175717538 0.000644265615094
 14 0.2353545952 0.233331351657 0.000616758366715
 15 0.22681582 0.23289698288 0.000712362648931
 16 0.2342231352 0.2329798674 0.000672644573172
 17 0.2349555968 0.233096086776 0.000643039046984
 18 0.2409075968 0.233530059556 0.000739392016553
 19 0.2321732792 0.233458650063 0.000703916517729
 20 0.2260915 0.23309029256 0.000759006094392
 1 0.2355308088 0.2355308088 0
 2 0.2342231672 0.234876988 0.000462321121364
 3 0.2329619168 0.234238630933 0.000605526560974
 4 0.2377068088 0.2351056754 0.000877537571509
 5 0.2315806432 0.23440066896 0.000943649016094
 6 0.2318927288 0.233982678933 0.000874059915807
 7 0.2370825272 0.2344255144 0.000854037745111
 8 0.2363714688 0.2346687587 0.000781155386718
 9 0.2299241088 0.234141575378 0.000853919370679
 10 0.2359208192 0.23431949976 0.000786845469849
 11 0.2392655352 0.234769139345 0.000833948650693
 12 0.2413111992 0.235314311 0.000925652600633
 13 0.2341036288 0.2352211816 0.000859120630015
 14 0.2311087288 0.234927434971 0.000846484821235
 15 0.2293984992 0.234558839253 0.000866595774074
 16 0.2380332512 0.23477599 0.000839199349283
 17 0.2345972472 0.234765475718 0.000789900545363
 18 0.23121838 0.234568414844 0.000770205969192
 19 0.2397434488 0.234840785053 0.000776336013115
 20 0.2340151552 0.23479950356 0.000738615964016
 1 0.2316456448 0.2316456448 0
 2 0.2423841792 0.237014912 0.00379664524712
 3 0.2359198008 0.236649874933 0.00254858507346
 4 0.23456942 0.2361297612 0.00196379403893
 5 0.2341718328 0.23573817552 0.00160960342113
 6 0.2370514808 0.235957059733 0.00135613716426
 7 0.2363735608 0.236016559886 0.00116370782819
 8 0.2351315 0.2359059274 0.00102348969665
 9 0.2360378552 0.235920586044 0.000909873585358
 10 0.235592 0.23588772744 0.00081947932956
 11 0.2359915 0.235897161309 0.000745035508195
 12 0.2359221472 0.235899243467 0.000682952125352
 13 0.2357775488 0.235889882338 0.000630481499044
 14 0.237854 0.236030176457 0.000600853447528
 15 0.2401379328 0.23630402688 0.000620070336442
 16 0.2351429088 0.236231457 0.000585547146561
 17 0.2342016888 0.236112058871 0.000563144798124
 18 0.23480288 0.236039326711 0.000536535227477
 19 0.2362765048 0.236051809768 0.000508441726295
 20 0.23426872 0.23596265528 0.000490773949261
 1 0.2348238008 0.2348238008 0
 2 0.2424295672 0.238626684 0.00268904449878
 3 0.2376315 0.238294956 0.00181304231922
 4 0.2271260128 0.2355027202 0.00277424619509
 5 0.2325318272 0.2349085416 0.00228213965733
 6 0.2407281632 0.235878478533 0.0020977988797
 7 0.2372016248 0.236067499429 0.00180660906165
 8 0.2359001472 0.2360465804 0.00158090403677
 9 0.2359390648 0.236034634222 0.00140529316789
 10 0.2352095968 0.23595213048 0.00126718340417
 11 0.2331422432 0.235696686182 0.00117745023169
 12 0.2375174392 0.2358484156 0.00108906163284
 13 0.23461312 0.235753392862 0.00100942460799
 14 0.2360808672 0.235776783886 0.000937593826894
 15 0.2386681472 0.23596954144 0.000894682458388
 16 0.2324468792 0.23574937505 0.000865430563072
 17 0.23197438 0.235527316518 0.000842530077084
 18 0.2341859128 0.235452794089 0.000799011836215
 19 0.2302056448 0.235176628337 0.000803268159983
 20 0.2321290368 0.23502424876 0.000777423578988
 1 0.2360295808 0.2360295808 0
 2 0.2300537568 0.2330416688 0.00211277283679
 3 0.2307608032 0.232281380267 0.001539244698
 4 0.2397560888 0.2341500574 0.001987883908
 5 0.2362925752 0.23457856096 0.00163583892759
 6 0.2387154872 0.235268048667 0.00150149022136
 7 0.2300290168 0.234519615543 0.00146166953584
 8 0.2364361088 0.2347591772 0.00129844403201
 9 0.2368899768 0.234995932711 0.00117555907508
 10 0.23084318 0.23458065744 0.00112897249671
 11 0.2339748472 0.234525583782 0.00102768106001
 12 0.23495288 0.2345611918 0.00094265765915
 13 0.2387600128 0.234884178031 0.000923822887687
 14 0.2334180352 0.234779453543 0.000863750922926
 15 0.2372243512 0.23494244672 0.000821402301381
 16 0.2325241472 0.234791303 0.000783847066964
 17 0.2438900728 0.235326524753 0.000902147199865
 18 0.238296 0.2354914956 0.000866980378035
 19 0.2330747648 0.235364299242 0.000830628038256
 20 0.2369335608 0.23544276232 0.000792793878225
 1 0.2383315968 0.2383315968 0
 2 0.23176632 0.2350489584 0.00232117587282
 3 0.2365129088 0.235536941867 0.00159792215471
 4 0.2396122368 0.2365557656 0.00148820820343
 5 0.2379352448 0.23683166144 0.0012158715195
 6 0.2351625272 0.2365534724 0.00104456613877
 7 0.2308970208 0.235745407886 0.00116675837299
 8 0.2335975608 0.235476927 0.00105134973637
 9 0.2323155832 0.235125666578 0.000991477017818
 10 0.2345699128 0.2350700912 0.000893885545588
 11 0.233822 0.234956628364 0.000819792639257
 12 0.23410552 0.234885702667 0.000754538474323
 13 0.23037038 0.234538370154 0.000772313426832
 14 0.2339518008 0.234496472343 0.000718283755896
 15 0.2353850848 0.234555713173 0.000672836696516
 16 0.2393035 0.23485244985 0.000693136586375
 17 0.2255730688 0.234306603906 0.000840238086147
 18 0.23607662 0.234404938133 0.000799291576336
 1 0.2367471872 0.2367471872 0
 2 0.2415689528 0.23915807 0.00170475157653
 3 0.2330294968 0.237115212267 0.00201836892516
 4 0.2335258552 0.236217873 0.00170159724922
 5 0.2329691648 0.23556813136 0.00148013803615
 6 0.2265518008 0.2340654096 0.00184477788328
 7 0.2400602848 0.234921820343 0.00176889132193
 8 0.2339955 0.2348060303 0.00155156503467
 9 0.23569838 0.234905180267 0.00138233328948
 10 0.2293947648 0.23435413872 0.00134946908795
 11 0.2326228792 0.234196751491 0.0012359339605
 12 0.2311395808 0.233941987267 0.00115889943671
 13 0.2361041408 0.234108306769 0.00108162215957
 14 0.2342575072 0.234118963943 0.00100441593484
 15 0.2375564928 0.234348132533 0.000963243824103
 16 0.2313731192 0.2341621942 0.000920812385172
 17 0.2319806592 0.234033868612 0.000875543099981
 18 0.2351886328 0.234098022178 0.000829248844145
 19 0.2345314872 0.234120836126 0.000785917929403
 20 0.23049208 0.23393939832 0.000767279710238
 1 0.2367471872 0.2367471872 0
 2 0.2415689528 0.23915807 0.00170475157653
 3 0.2330294968 0.237115212267 0.00201836892516
 4 0.2335258552 0.236217873 0.00170159724922
 5 0.2329691648 0.23556813136 0.00148013803615
 6 0.2265518008 0.2340654096 0.00184477788328
 7 0.2400602848 0.234921820343 0.00176889132193
 8 0.2339955 0.2348060303 0.00155156503467
 9 0.23569838 0.234905180267 0.00138233328948
 10 0.2293947648 0.23435413872 0.00134946908795
 11 0.2326228792 0.234196751491 0.0012359339605
 12 0.2311395808 0.233941987267 0.00115889943671
 13 0.2361041408 0.234108306769 0.00108162215957
 14 0.2342575072 0.234118963943 0.00100441593484
 15 0.2375564928 0.234348132533 0.000963243824103
 16 0.2313731192 0.2341621942 0.000920812385172
 17 0.2319806592 0.234033868612 0.000875543099981
 18 0.2351886328 0.234098022178 0.000829248844145
 19 0.2345314872 0.234120836126 0.000785917929403
 20 0.23049208 0.23393939832 0.000767279710238
 1 0.2353063928 0.2353063928 0
 2 0.2333054208 0.2343059068 0.00070745043508
 3 0.2357033912 0.234771734933 0.000605889572922
 4 0.2335189728 0.2344585444 0.000529208093125
 5 0.23614718 0.23479627152 0.000520083510408
 6 0.2322762112 0.234376261467 0.000578658045058
 7 0.2356007808 0.2345511928 0.000521764384819
 8 0.2351245952 0.2346228681 0.000461440629871
 9 0.2329795 0.234440271644 0.000444832367308
 10 0.2378755072 0.2347837952 0.000516223804422
 11 0.23909758 0.235175957455 0.00060003951215
 12 0.23236718 0.234941892667 0.000593936562755
 13 0.2323212928 0.234740308062 0.000581453002039
 14 0.2345827712 0.234729055429 0.000540029517679
 15 0.2319060728 0.234540856587 0.000535818366128
 16 0.2340684152 0.234511329 0.000503142655525
 17 0.2356038112 0.234575592659 0.000477632420077
 18 0.2354933688 0.234626580222 0.000453810602772
 19 0.2403544032 0.234928044589 0.000520513006078
 20 0.2312963968 0.2347464622 0.000525205960533
 1 0.2380600888 0.2380600888 0
 2 0.2360617728 0.2370609308 0.000706511397275
 3 0.2368808832 0.237000914933 0.000473549814746
 4 0.2348402688 0.2364607534 0.000587342459116
 5 0.2392961208 0.23702782688 0.00069140394164
 6 0.2311648568 0.2360506652 0.0010619208713
 7 0.23180928 0.235444753029 0.00106919553229
 8 0.2312906368 0.2349254885 0.00105412413037
 9 0.2327118008 0.2346795232 0.000965269069737
 10 0.2318255072 0.2343941216 0.000909956928276
 11 0.2335326392 0.234315805018 0.000830596941069
 12 0.2327777152 0.234187630867 0.000771206763741
 13 0.23471928 0.234228526954 0.000712966675002
 14 0.2348239232 0.234271055257 0.000663307673095
 15 0.2308628088 0.234043838827 0.000656851885484
 16 0.2325844992 0.2339526301 0.000622098915455
 17 0.2338515 0.233946681271 0.000585533303795
 18 0.2312819168 0.2337986388 0.000571412330247
 19 0.2386984632 0.234056524295 0.000596700507864
 20 0.2412333312 0.23441536464 0.000666081488209
 1 0.2367471872 0.2367471872 0
 2 0.2415689528 0.23915807 0.00170475157653
 3 0.2330294968 0.237115212267 0.00201836892516
 4 0.2335258552 0.236217873 0.00170159724922
 5 0.2329691648 0.23556813136 0.00148013803615
 6 0.2265518008 0.2340654096 0.00184477788328
 7 0.2400602848 0.234921820343 0.00176889132193
 8 0.2339955 0.2348060303 0.00155156503467
 9 0.23569838 0.234905180267 0.00138233328948
 10 0.2293947648 0.23435413872 0.00134946908795
 11 0.2326228792 0.234196751491 0.0012359339605
 12 0.2311395808 0.233941987267 0.00115889943671
 13 0.2361041408 0.234108306769 0.00108162215957
 14 0.2342575072 0.234118963943 0.00100441593484
 15 0.2375564928 0.234348132533 0.000963243824103
 16 0.2313731192 0.2341621942 0.000920812385172
 17 0.2319806592 0.234033868612 0.000875543099981
 18 0.2351886328 0.234098022178 0.000829248844145
 19 0.2345314872 0.234120836126 0.000785917929403
 20 0.23049208 0.23393939832 0.000767279710238
 1 0.2353063928 0.2353063928 0
 2 0.2333054208 0.2343059068 0.00070745043508
 3 0.2357033912 0.234771734933 0.000605889572922
 4 0.2335189728 0.2344585444 0.000529208093125
 5 0.23614718 0.23479627152 0.000520083510408
 6 0.2322762112 0.234376261467 0.000578658045058
 7 0.2356007808 0.2345511928 0.000521764384819
 8 0.2351245952 0.2346228681 0.000461440629871
 9 0.2329795 0.234440271644 0.000444832367308
 10 0.2378755072 0.2347837952 0.000516223804422
 11 0.23909758 0.235175957455 0.00060003951215
 12 0.23236718 0.234941892667 0.000593936562755
 13 0.2323212928 0.234740308062 0.000581453002039
 14 0.2345827712 0.234729055429 0.000540029517679
 15 0.2319060728 0.234540856587 0.000535818366128
 16 0.2340684152 0.234511329 0.000503142655525
 17 0.2356038112 0.234575592659 0.000477632420077
 18 0.2354933688 0.234626580222 0.000453810602772
 19 0.2403544032 0.234928044589 0.000520513006078
 20 0.2312963968 0.2347464622 0.000525205960533
 1 0.2045232608 0.2045232608 0
 2 0.1950683872 0.199795824 0.00334280261891
 3 0.1973705592 0.1989874024 0.0023242344091
 4 0.1958313728 0.198198395 0.00187231445047
 5 0.1972417848 0.19800707296 0.00150759497058
 6 0.1942221688 0.1973762556 0.00138201725682
 7 0.1958102528 0.197152540914 0.00120255686852
 8 0.1992744672 0.1974177817 0.00108109289209
 9 0.1967830072 0.1973472512 0.000963269417003
 10 0.1960565752 0.1972181836 0.000875546604309
 11 0.1945946552 0.196979681018 0.000827798876641
 12 0.1979399032 0.197059699533 0.000762673293994
 13 0.1986414208 0.1971813704 0.000713645331723
 14 0.19782302 0.197227202514 0.000664140761854
 15 0.2015862392 0.19751780496 0.00068047928407
 16 0.1978160632 0.1975364461 0.000638204606674
 17 0.1976406008 0.197542572847 0.000600692566806
 18 0.1972974208 0.197528953289 0.000567475135286
 19 0.1997827512 0.197647574232 0.000549866110225
 20 0.2024090488 0.19788564796 0.000571592942801
 1 0.1934827128 0.1934827128 0
 2 0.1957381248 0.1946104188 0.000797408559784
 3 0.19474168 0.194654172533 0.000532804735962
 4 0.19596192 0.1949811094 0.000489743590909
 5 0.1965995 0.19530478752 0.000487152176008
 6 0.1981678712 0.195781968133 0.000595445006253
 7 0.1998752248 0.196366719086 0.00074402635462
 8 0.1962782712 0.1963556631 0.000651105199257
 9 0.19937208 0.196690820533 0.000659403276076
 10 0.1942356088 0.19644529936 0.000637534981868
 11 0.1970115712 0.196496778618 0.000581651949641
 12 0.19635808 0.1964852204 0.000533295780259
 13 0.1955185408 0.196410860431 0.000497430196313
 14 0.1895153592 0.195918324629 0.000662279902707
 15 0.19812798 0.196065634987 0.00063429942794
 16 0.1948207232 0.195987828 0.000599408854251
 17 0.1953008568 0.195947417929 0.000565510022922
 18 0.1964478432 0.195975219333 0.000534775744183
 19 0.1940167648 0.195872142779 0.000516467987389
 20 0.1978040312 0.1959687372 0.000499595906531
 1 0.2045232608 0.2045232608 0
 2 0.1950683872 0.199795824 0.00334280261891
 3 0.1973705592 0.1989874024 0.0023242344091
 4 0.1958313728 0.198198395 0.00187231445047
 5 0.1972417848 0.19800707296 0.00150759497058
 6 0.1942221688 0.1973762556 0.00138201725682
 7 0.1958102528 0.197152540914 0.00120255686852
 8 0.1992744672 0.1974177817 0.00108109289209
 9 0.1967830072 0.1973472512 0.000963269417003
 10 0.1960565752 0.1972181836 0.000875546604309
 11 0.1945946552 0.196979681018 0.000827798876641
 12 0.1979399032 0.197059699533 0.000762673293994
 13 0.1986414208 0.1971813704 0.000713645331723
 14 0.19782302 0.197227202514 0.000664140761854
 15 0.2015862392 0.19751780496 0.00068047928407
 16 0.1978160632 0.1975364461 0.000638204606674
 17 0.1976406008 0.197542572847 0.000600692566806
 18 0.1972974208 0.197528953289 0.000567475135286
 19 0.1997827512 0.197647574232 0.000549866110225
 20 0.2024090488 0.19788564796 0.000571592942801
 1 0.1934827128 0.1934827128 0
 2 0.1957381248 0.1946104188 0.000797408559784
 3 0.19474168 0.194654172533 0.000532804735962
 4 0.19596192 0.1949811094 0.000489743590909
 5 0.1965995 0.19530478752 0.000487152176008
 6 0.1981678712 0.195781968133 0.000595445006253
 7 0.1998752248 0.196366719086 0.00074402635462
 8 0.1962782712 0.1963556631 0.000651105199257
 9 0.19937208 0.196690820533 0.000659403276076
 10 0.1942356088 0.19644529936 0.000637534981868
 11 0.1970115712 0.196496778618 0.000581651949641
 12 0.19635808 0.1964852204 0.000533295780259
 13 0.1955185408 0.196410860431 0.000497430196313
 14 0.1895153592 0.195918324629 0.000662279902707
 15 0.19812798 0.196065634987 0.00063429942794
 16 0.1948207232 0.195987828 0.000599408854251
 17 0.1953008568 0.195947417929 0.000565510022922
 18 0.1964478432 0.195975219333 0.000534775744183
 19 0.1940167648 0.195872142779 0.000516467987389
 20 0.1978040312 0.1959687372 0.000499595906531
 1 0.2045232608 0.2045232608 0
 2 0.1950683872 0.199795824 0.00334280261891
 3 0.1973705592 0.1989874024 0.0023242344091
 4 0.1958313728 0.198198395 0.00187231445047
 5 0.1972417848 0.19800707296 0.00150759497058
 6 0.1942221688 0.1973762556 0.00138201725682
 7 0.1958102528 0.197152540914 0.00120255686852
 8 0.1992744672 0.1974177817 0.00108109289209
 9 0.1967830072 0.1973472512 0.000963269417003
 10 0.1960565752 0.1972181836 0.000875546604309
 11 0.1945946552 0.196979681018 0.000827798876641
 12 0.1979399032 0.197059699533 0.000762673293994
 13 0.1986414208 0.1971813704 0.000713645331723
 14 0.19782302 0.197227202514 0.000664140761854
 15 0.2015862392 0.19751780496 0.00068047928407
 16 0.1978160632 0.1975364461 0.000638204606674
 17 0.1976406008 0.197542572847 0.000600692566806
 18 0.1972974208 0.197528953289 0.000567475135286
 19 0.1997827512 0.197647574232 0.000549866110225
 20 0.2024090488 0.19788564796 0.000571592942801
 1 0.1934827128 0.1934827128 0
 2 0.1957381248 0.1946104188 0.000797408559784
 3 0.19474168 0.194654172533 0.000532804735962
 4 0.19596192 0.1949811094 0.000489743590909
 5 0.1965995 0.19530478752 0.000487152176008
 6 0.1981678712 0.195781968133 0.000595445006253
 7 0.1998752248 0.196366719086 0.00074402635462
 8 0.1962782712 0.1963556631 0.000651105199257
 9 0.19937208 0.196690820533 0.000659403276076
 10 0.1942356088 0.19644529936 0.000637534981868
 11 0.1970115712 0.196496778618 0.000581651949641
 12 0.19635808 0.1964852204 0.000533295780259
 13 0.1955185408 0.196410860431 0.000497430196313
 14 0.1895153592 0.195918324629 0.000662279902707
 15 0.19812798 0.196065634987 0.00063429942794
 16 0.1948207232 0.195987828 0.000599408854251
 17 0.1953008568 0.195947417929 0.000565510022922
 18 0.1964478432 0.195975219333 0.000534775744183
 19 0.1940167648 0.195872142779 0.000516467987389
 20 0.1978040312 0.1959687372 0.000499595906531
 1 0.2045232608 0.2045232608 0
 2 0.1950683872 0.199795824 0.00334280261891
 3 0.1973705592 0.1989874024 0.0023242344091
 4 0.1958313728 0.198198395 0.00187231445047
 5 0.1972417848 0.19800707296 0.00150759497058
 6 0.1942221688 0.1973762556 0.00138201725682
 7 0.1958102528 0.197152540914 0.00120255686852
 8 0.1992744672 0.1974177817 0.00108109289209
 9 0.1967830072 0.1973472512 0.000963269417003
 10 0.1960565752 0.1972181836 0.000875546604309
 11 0.1945946552 0.196979681018 0.000827798876641
 12 0.1979399032 0.197059699533 0.000762673293994
 13 0.1986414208 0.1971813704 0.000713645331723
 14 0.19782302 0.197227202514 0.000664140761854
 15 0.2015862392 0.19751780496 0.00068047928407
 16 0.1978160632 0.1975364461 0.000638204606674
 17 0.1976406008 0.197542572847 0.000600692566806
 18 0.1972974208 0.197528953289 0.000567475135286
 19 0.1997827512 0.197647574232 0.000549866110225
 20 0.2024090488 0.19788564796 0.000571592942801
 1 0.1934827128 0.1934827128 0
 2 0.1957381248 0.1946104188 0.000797408559784
 3 0.19474168 0.194654172533 0.000532804735962
 4 0.19596192 0.1949811094 0.000489743590909
 5 0.1965995 0.19530478752 0.000487152176008
 6 0.1981678712 0.195781968133 0.000595445006253
 7 0.1998752248 0.196366719086 0.00074402635462
 8 0.1962782712 0.1963556631 0.000651105199257
 9 0.19937208 0.196690820533 0.000659403276076
 10 0.1942356088 0.19644529936 0.000637534981868
 11 0.1970115712 0.196496778618 0.000581651949641
 12 0.19635808 0.1964852204 0.000533295780259
 13 0.1955185408 0.196410860431 0.000497430196313
 14 0.1895153592 0.195918324629 0.000662279902707
 15 0.19812798 0.196065634987 0.00063429942794
 16 0.1948207232 0.195987828 0.000599408854251
 17 0.1953008568 0.195947417929 0.000565510022922
 18 0.1964478432 0.195975219333 0.000534775744183
 19 0.1940167648 0.195872142779 0.000516467987389
 20 0.1978040312 0.1959687372 0.000499595906531
 1 0.2045232608 0.2045232608 0
 2 0.1950683872 0.199795824 0.00334280261891
 3 0.1973705592 0.1989874024 0.0023242344091
 4 0.1958313728 0.198198395 0.00187231445047
 5 0.1972417848 0.19800707296 0.00150759497058
 6 0.1942221688 0.1973762556 0.00138201725682
 7 0.1958102528 0.197152540914 0.00120255686852
 8 0.1992744672 0.1974177817 0.00108109289209
 9 0.1967830072 0.1973472512 0.000963269417003
 10 0.1960565752 0.1972181836 0.000875546604309
 11 0.1945946552 0.196979681018 0.000827798876641
 12 0.1979399032 0.197059699533 0.000762673293994
 13 0.1986414208 0.1971813704 0.000713645331723
 14 0.19782302 0.197227202514 0.000664140761854
 15 0.2015862392 0.19751780496 0.00068047928407
 16 0.1978160632 0.1975364461 0.000638204606674
 17 0.1976406008 0.197542572847 0.000600692566806
 18 0.1972974208 0.197528953289 0.000567475135286
 19 0.1997827512 0.197647574232 0.000549866110225
 20 0.2024090488 0.19788564796 0.000571592942801
 1 0.1934827128 0.1934827128 0
 2 0.1957381248 0.1946104188 0.000797408559784
 3 0.19474168 0.194654172533 0.000532804735962
 4 0.19596192 0.1949811094 0.000489743590909
 5 0.1965995 0.19530478752 0.000487152176008
 6 0.1981678712 0.195781968133 0.000595445006253
 7 0.1998752248 0.196366719086 0.00074402635462
 8 0.1962782712 0.1963556631 0.000651105199257
 9 0.19937208 0.196690820533 0.000659403276076
 10 0.1942356088 0.19644529936 0.000637534981868
 11 0.1970115712 0.196496778618 0.000581651949641
 12 0.19635808 0.1964852204 0.000533295780259
 13 0.1955185408 0.196410860431 0.000497430196313
 14 0.1895153592 0.195918324629 0.000662279902707
 15 0.19812798 0.196065634987 0.00063429942794
 16 0.1948207232 0.195987828 0.000599408854251
 17 0.1953008568 0.195947417929 0.000565510022922
 18 0.1964478432 0.195975219333 0.000534775744183
 19 0.1940167648 0.195872142779 0.000516467987389
 20 0.1978040312 0.1959687372 0.000499595906531
 1 0.2045232608 0.2045232608 0
 2 0.1950683872 0.199795824 0.00334280261891
 3 0.1973705592 0.1989874024 0.0023242344091
 4 0.1958313728 0.198198395 0.00187231445047
 5 0.1972417848 0.19800707296 0.00150759497058
 6 0.1942221688 0.1973762556 0.00138201725682
 7 0.1958102528 0.197152540914 0.00120255686852
 8 0.1992744672 0.1974177817 0.00108109289209
 9 0.1967830072 0.1973472512 0.000963269417003
 10 0.1960565752 0.1972181836 0.000875546604309
 11 0.1945946552 0.196979681018 0.000827798876641
 12 0.1979399032 0.197059699533 0.000762673293994
 13 0.1986414208 0.1971813704 0.000713645331723
 14 0.19782302 0.197227202514 0.000664140761854
 15 0.2015862392 0.19751780496 0.00068047928407
 16 0.1978160632 0.1975364461 0.000638204606674
 17 0.1976406008 0.197542572847 0.000600692566806
 18 0.1972974208 0.197528953289 0.000567475135286
 19 0.1997827512 0.197647574232 0.000549866110225
 20 0.2024090488 0.19788564796 0.000571592942801
 1 0.1934827128 0.1934827128 0
 2 0.1957381248 0.1946104188 0.000797408559784
 3 0.19474168 0.194654172533 0.000532804735962
 4 0.19596192 0.1949811094 0.000489743590909
 5 0.1965995 0.19530478752 0.000487152176008
 6 0.1981678712 0.195781968133 0.000595445006253
 7 0.1998752248 0.196366719086 0.00074402635462
 8 0.1962782712 0.1963556631 0.000651105199257
 9 0.19937208 0.196690820533 0.000659403276076
 10 0.1942356088 0.19644529936 0.000637534981868
 11 0.1970115712 0.196496778618 0.000581651949641
 12 0.19635808 0.1964852204 0.000533295780259
 13 0.1955185408 0.196410860431 0.000497430196313
 14 0.1895153592 0.195918324629 0.000662279902707
 15 0.19812798 0.196065634987 0.00063429942794
 16 0.1948207232 0.195987828 0.000599408854251
 17 0.1953008568 0.195947417929 0.000565510022922
 18 0.1964478432 0.195975219333 0.000534775744183
 19 0.1940167648 0.195872142779 0.000516467987389
 20 0.1978040312 0.1959687372 0.000499595906531
 1 0.2045232608 0.2045232608 0
 2 0.1950683872 0.199795824 0.00334280261891
 3 0.1973705592 0.1989874024 0.0023242344091
 4 0.1958313728 0.198198395 0.00187231445047
 5 0.1972417848 0.19800707296 0.00150759497058
 6 0.1942221688 0.1973762556 0.00138201725682
 7 0.1958102528 0.197152540914 0.00120255686852
 8 0.1992744672 0.1974177817 0.00108109289209
 9 0.1967830072 0.1973472512 0.000963269417003
 10 0.1960565752 0.1972181836 0.000875546604309
 11 0.1945946552 0.196979681018 0.000827798876641
 12 0.1979399032 0.197059699533 0.000762673293994
 13 0.1986414208 0.1971813704 0.000713645331723
 14 0.19782302 0.197227202514 0.000664140761854
 15 0.2015862392 0.19751780496 0.00068047928407
 16 0.1978160632 0.1975364461 0.000638204606674
 17 0.1976406008 0.197542572847 0.000600692566806
 18 0.1972974208 0.197528953289 0.000567475135286
 19 0.1997827512 0.197647574232 0.000549866110225
 20 0.2024090488 0.19788564796 0.000571592942801
 1 0.1934827128 0.1934827128 0
 2 0.1957381248 0.1946104188 0.000797408559784
 3 0.19474168 0.194654172533 0.000532804735962
 4 0.19596192 0.1949811094 0.000489743590909
 5 0.1965995 0.19530478752 0.000487152176008
 6 0.1981678712 0.195781968133 0.000595445006253
 7 0.1998752248 0.196366719086 0.00074402635462
 8 0.1962782712 0.1963556631 0.000651105199257
 9 0.19937208 0.196690820533 0.000659403276076
 10 0.1942356088 0.19644529936 0.000637534981868
 11 0.1970115712 0.196496778618 0.000581651949641
 12 0.19635808 0.1964852204 0.000533295780259
 13 0.1955185408 0.196410860431 0.000497430196313
 14 0.1895153592 0.195918324629 0.000662279902707
 15 0.19812798 0.196065634987 0.00063429942794
 16 0.1948207232 0.195987828 0.000599408854251
 17 0.1953008568 0.195947417929 0.000565510022922
 18 0.1964478432 0.195975219333 0.000534775744183
 19 0.1940167648 0.195872142779 0.000516467987389
 20 0.1978040312 0.1959687372 0.000499595906531
 1 0.2045232608 0.2045232608 0
 2 0.1950683872 0.199795824 0.00334280261891
 3 0.1973705592 0.1989874024 0.0023242344091
 4 0.1958313728 0.198198395 0.00187231445047
 5 0.1972417848 0.19800707296 0.00150759497058
 6 0.1942221688 0.1973762556 0.00138201725682
 7 0.1958102528 0.197152540914 0.00120255686852
 8 0.1992744672 0.1974177817 0.00108109289209
 9 0.1967830072 0.1973472512 0.000963269417003
 10 0.1960565752 0.1972181836 0.000875546604309
 11 0.1945946552 0.196979681018 0.000827798876641
 12 0.1979399032 0.197059699533 0.000762673293994
 13 0.1986414208 0.1971813704 0.000713645331723
 14 0.19782302 0.197227202514 0.000664140761854
 15 0.2015862392 0.19751780496 0.00068047928407
 16 0.1978160632 0.1975364461 0.000638204606674
 17 0.1976406008 0.197542572847 0.000600692566806
 18 0.1972974208 0.197528953289 0.000567475135286
 19 0.1997827512 0.197647574232 0.000549866110225
 20 0.2024090488 0.19788564796 0.000571592942801
 1 0.1934827128 0.1934827128 0
 2 0.1957381248 0.1946104188 0.000797408559784
 3 0.19474168 0.194654172533 0.000532804735962
 4 0.19596192 0.1949811094 0.000489743590909
 5 0.1965995 0.19530478752 0.000487152176008
 6 0.1981678712 0.195781968133 0.000595445006253
 7 0.1998752248 0.196366719086 0.00074402635462
 8 0.1962782712 0.1963556631 0.000651105199257
 9 0.19937208 0.196690820533 0.000659403276076
 10 0.1942356088 0.19644529936 0.000637534981868
 11 0.1970115712 0.196496778618 0.000581651949641
 12 0.19635808 0.1964852204 0.000533295780259
 13 0.1955185408 0.196410860431 0.000497430196313
 14 0.1895153592 0.195918324629 0.000662279902707
 15 0.19812798 0.196065634987 0.00063429942794
 16 0.1948207232 0.195987828 0.000599408854251
 17 0.1953008568 0.195947417929 0.000565510022922
 18 0.1964478432 0.195975219333 0.000534775744183
 19 0.1940167648 0.195872142779 0.000516467987389
 20 0.1978040312 0.1959687372 0.000499595906531
 1 0.2045232608 0.2045232608 0
 2 0.1950683872 0.199795824 0.00334280261891
 3 0.1973705592 0.1989874024 0.0023242344091
 4 0.1958313728 0.198198395 0.00187231445047
 5 0.1972417848 0.19800707296 0.00150759497058
 6 0.1942221688 0.1973762556 0.00138201725682
 7 0.1958102528 0.197152540914 0.00120255686852
 8 0.1992744672 0.1974177817 0.00108109289209
 9 0.1967830072 0.1973472512 0.000963269417003
 10 0.1960565752 0.1972181836 0.000875546604309
 11 0.1945946552 0.196979681018 0.000827798876641
 12 0.1979399032 0.197059699533 0.000762673293994
 13 0.1986414208 0.1971813704 0.000713645331723
 14 0.19782302 0.197227202514 0.000664140761854
 15 0.2015862392 0.19751780496 0.00068047928407
 16 0.1978160632 0.1975364461 0.000638204606674
 17 0.1976406008 0.197542572847 0.000600692566806
 18 0.1972974208 0.197528953289 0.000567475135286
 19 0.1997827512 0.197647574232 0.000549866110225
 20 0.2024090488 0.19788564796 0.000571592942801
 1 0.1934827128 0.1934827128 0
 2 0.1957381248 0.1946104188 0.000797408559784
 3 0.19474168 0.194654172533 0.000532804735962
 4 0.19596192 0.1949811094 0.000489743590909
 5 0.1965995 0.19530478752 0.000487152176008
 6 0.1981678712 0.195781968133 0.000595445006253
 7 0.1998752248 0.196366719086 0.00074402635462
 8 0.1962782712 0.1963556631 0.000651105199257
 9 0.19937208 0.196690820533 0.000659403276076
 10 0.1942356088 0.19644529936 0.000637534981868
 11 0.1970115712 0.196496778618 0.000581651949641
 12 0.19635808 0.1964852204 0.000533295780259
 13 0.1955185408 0.196410860431 0.000497430196313
 14 0.1895153592 0.195918324629 0.000662279902707
 15 0.19812798 0.196065634987 0.00063429942794
 16 0.1948207232 0.195987828 0.000599408854251
 17 0.1953008568 0.195947417929 0.000565510022922
 18 0.1964478432 0.195975219333 0.000534775744183
 19 0.1940167648 0.195872142779 0.000516467987389
 20 0.1978040312 0.1959687372 0.000499595906531
